12 34 36 86 
6 17 22 36 65 
6 14 
8 12 25 29 33 44 47 57 65 71 86 99 
6 12 14 28 34 36 74 86 
6 14 28 74 86 
34 44 65 66 89 
25 36 
6 14 28 74 86 
25 35 38 44 48 71 77 
25 35 38 44 48 71 77 
6 14 17 22 28 65 74 86 
12 25 65 
14 44 65 66 
6 14 36 41 44 65 
12 34 36 86 
6 14 41 44 
34 65 66 89 
12 34 36 86 
6 14 41 44 
44 65 66 
12 25 
6 65 74 77 
6 17 22 36 65 
14 25 41 44 47 57 65 71 99 
12 25 33 34 57 74 77 86 
6 14 41 44 
6 8 12 29 36 65 86 
25 44 65 71 99 
6 12 25 
12 25 
6 14 27 33 41 86 
25 44 48 77 
25 44 65 66 
38 65 
14 44 65 66 
6 17 36 74 
6 14 41 44 
44 65 
44 65 66 
35 86 
14 27 33 35 36 86 
25 35 38 44 48 71 77 
25 35 38 44 48 71 77 
6 12 17 22 25 36 65 
25 35 38 44 48 71 77 
8 12 25 29 86 
12 25 38 
6 14 28 38 41 74 86 
6 17 22 36 44 65 66 
25 44 47 57 65 66 71 99 
6 17 22 36 65 
6 17 22 36 65 
12 25 
6 14 41 44 
25 35 38 44 48 71 77 
6 17 36 65 
8 12 29 86 
14 25 33 44 65 66 
12 25 
41 44 
25 38 44 65 66 
25 38 44 48 71 77 
14 44 65 66 
12 29 33 86 
25 35 38 44 48 71 77 
6 14 41 44 
14 25 28 74 86 
6 17 22 36 44 65 66 
44 66 
6 14 41 44 
99 
6 14 34 41 89 
6 14 41 44 
34 44 65 66 89 
8 12 29 33 86 
25 35 38 44 48 71 77 
27 33 86 
14 25 35 38 41 44 48 71 77 
12 25 
25 35 44 48 71 77 
12 25 
6 17 22 36 65 
12 34 57 99 
44 65 66 
44 65 66 
12 25 29 33 86 
6 17 22 65 
8 12 14 17 29 44 65 66 
22 25 35 36 38 44 48 65 71 77 
6 14 28 34 38 41 74 86 89 
6 17 22 36 41 44 65 
12 25 
6 14 28 74 86 
14 44 65 66 
12 
6 17 25 35 38 44 48 71 77 
25 35 38 44 48 71 77 
6 8 12 14 29 33 44 86 
12 33 34 74 86 
12 34 89 
6 14 41 44 65 66 
38 65 
6 14 41 44 
25 29 33 35 38 44 48 71 77 86 
1 10 38 42 57 60 65 74 77 86 
12 33 34 57 99 
12 25 34 89 
12 25 47 57 65 71 99 
6 17 22 36 38 65 
33 35 36 86 
25 35 38 44 71 77 
34 89 
65 
6 22 36 
25 44 47 57 65 71 77 99 
12 25 33 57 74 77 99 
14 65 
12 34 36 65 86 
6 17 22 36 65 
6 17 22 28 36 65 74 
44 65 66 89 
12 25 33 34 57 77 86 99 
27 33 86 
25 35 38 48 71 77 
6 65 74 86 
17 65 
6 17 36 41 44 65 
6 22 36 
25 35 38 44 48 71 77 
38 65 
27 33 35 36 86 
25 38 44 48 71 77 
65 74 77 86 
25 44 47 57 65 71 99 
38 65 
6 14 41 
12 36 86 
27 33 35 36 86 
6 28 74 86 
12 34 36 65 
12 25 
6 22 65 
25 35 38 44 48 71 77 
6 65 74 77 
12 25 
25 35 38 44 48 71 77 
6 8 14 29 33 41 44 86 
12 25 
25 38 44 48 71 77 
6 12 14 25 41 44 
12 34 57 74 77 99 
6 41 44 
12 25 
12 34 
12 34 36 86 
89 
6 14 41 
1 10 38 42 57 60 65 97 
25 33 34 57 74 77 86 99 
12 38 44 65 66 
34 35 38 44 66 71 77 89 
22 65 
25 38 65 
27 33 35 36 86 
14 44 65 66 
44 47 57 65 71 99 
12 34 36 86 
6 14 41 44 
6 14 28 74 86 
6 14 34 41 89 
44 65 66 
27 33 36 86 
6 14 74 
6 14 28 38 41 74 86 
6 65 74 77 86 
44 48 
12 34 36 
44 65 
14 41 
8 12 29 33 86 
25 35 38 44 71 77 
35 86 
27 33 35 36 
44 65 66 
6 17 22 36 65 
14 17 36 44 66 
89 
6 14 17 22 36 44 65 66 
25 35 38 44 48 65 71 77 
25 35 38 44 48 71 77 
12 25 34 35 36 38 44 48 71 77 86 89 
6 34 41 44 89 
6 14 41 44 
12 25 33 34 57 74 77 86 99 
6 14 41 
6 17 22 36 65 
14 34 41 44 65 89 
6 14 28 38 41 74 86 
6 41 44 65 74 77 86 
12 14 36 44 86 
14 41 44 
12 25 74 77 99 
34 89 
1 10 38 42 44 57 60 65 97 
6 14 41 44 
6 14 44 
6 14 41 44 
38 65 
14 44 65 66 
35 38 48 71 77 
14 44 65 66 
6 17 22 65 
27 33 34 35 36 86 89 
12 25 33 34 57 74 77 86 99 
44 65 66 
44 
6 17 22 27 33 35 36 86 
12 25 34 89 
12 25 
6 17 22 36 65 
25 35 38 44 48 71 77 
27 33 35 36 86 
12 14 36 44 65 66 86 
12 25 33 34 57 74 77 86 99 
6 14 35 38 41 44 48 71 77 
1 10 38 42 57 60 65 97 
25 35 38 44 48 71 77 
6 14 25 41 71 77 
6 14 41 
25 35 38 44 48 71 77 
35 38 44 48 71 77 
6 14 41 44 
12 34 36 44 65 66 86 
6 8 12 14 25 29 33 41 44 86 
25 34 35 38 44 48 71 77 86 
6 14 41 44 
12 34 66 86 
25 35 38 44 48 71 77 
6 17 22 36 65 
6 12 14 25 28 38 41 74 86 
6 14 17 22 36 41 44 65 
6 14 41 44 
35 38 44 48 71 77 
25 35 38 44 48 71 77 
6 14 41 44 
6 17 22 36 65 
27 33 35 36 86 
6 14 28 74 
44 65 66 
6 17 22 65 
6 14 44 
25 35 38 44 48 71 77 
6 14 41 44 
12 33 34 57 77 86 99 
6 14 38 41 44 74 86 
14 44 66 
25 35 38 44 48 71 77 
6 14 41 44 
6 14 28 38 41 74 86 
14 34 44 65 66 86 
1 10 42 57 60 65 97 
8 12 33 86 89 
12 25 44 47 65 
25 44 47 57 65 71 99 
14 65 66 
27 33 35 36 86 
6 17 22 34 36 65 89 
6 14 44 
6 14 41 44 
8 12 29 86 
8 12 29 33 86 
14 44 66 
12 25 29 86 
6 28 38 86 
6 17 22 36 38 65 
25 35 38 44 48 71 77 
12 38 57 99 
12 34 36 86 
25 33 57 74 77 86 
27 33 36 86 
25 35 38 44 48 71 77 
6 14 41 44 65 66 
25 35 38 44 48 71 77 
6 14 41 44 
12 25 
12 14 34 44 86 
6 17 22 36 41 
12 25 44 65 66 
1 10 38 42 57 60 65 97 
6 41 44 65 66 
12 34 86 89 
12 25 33 34 57 74 77 86 99 
12 33 86 
44 65 66 
6 17 22 36 65 
6 12 14 25 34 41 44 57 65 66 74 77 86 99 
17 22 36 65 
6 12 22 25 
12 25 29 34 36 86 89 
6 22 25 36 65 77 
14 27 33 35 36 65 66 86 
25 35 38 44 48 57 71 77 
34 89 
6 14 41 44 
17 36 65 
6 17 22 36 65 
6 14 41 44 
34 
38 44 48 71 77 
14 41 
8 12 29 33 86 
65 
25 35 38 44 48 71 77 
25 44 47 57 65 71 99 
6 14 41 44 
6 17 22 36 65 
12 25 33 34 57 74 77 86 99 
6 25 34 74 77 86 99 
25 35 38 44 48 77 
6 14 41 44 
17 22 65 
6 17 22 36 44 65 66 
8 12 29 33 86 
25 35 38 44 48 71 77 
27 33 35 36 86 
8 12 29 33 86 
44 66 
25 35 38 44 48 71 77 
6 17 22 65 
6 12 14 28 41 44 86 
6 38 41 74 
12 25 33 34 57 74 77 86 99 
6 17 22 36 65 
6 12 17 22 34 36 65 86 
25 35 38 44 48 71 77 
12 25 33 34 57 74 77 86 99 
38 65 
44 65 66 
6 44 65 74 77 
25 35 38 44 48 71 77 
25 35 38 44 48 65 71 77 86 
6 14 41 44 66 
6 17 22 65 
44 65 66 
8 12 29 33 86 
6 14 28 41 44 65 66 86 
12 25 
25 35 44 48 71 77 
6 17 22 65 
14 41 44 
6 14 44 65 66 
6 17 22 36 65 
65 74 77 86 
6 14 28 38 74 86 
38 65 
25 44 47 65 71 99 
36 44 65 66 86 
6 44 
25 44 47 57 65 71 99 
25 35 38 44 71 77 
25 35 38 44 48 71 77 
6 12 14 25 41 44 
25 38 44 48 71 77 
14 41 44 65 66 
44 47 57 65 71 99 
12 25 33 34 57 74 77 86 99 
12 34 36 86 
12 25 33 34 38 57 74 77 86 99 
6 14 27 33 35 36 44 86 
25 35 38 44 48 71 
25 35 38 44 48 71 77 
6 17 36 65 89 
1 10 38 42 57 60 65 97 
6 65 74 77 86 
6 22 38 65 74 
6 14 28 74 
6 14 17 22 36 44 65 66 
25 35 38 44 48 71 
6 22 34 36 89 
6 12 17 25 34 35 38 44 48 65 77 89 
8 12 33 86 
6 14 41 
8 12 14 25 29 33 41 44 86 
6 14 41 
6 14 28 44 65 66 74 86 
1 10 38 42 57 60 65 97 
6 36 65 86 
86 
25 44 47 57 65 71 99 
6 17 22 36 65 
12 25 33 34 57 74 77 99 
34 89 
6 17 22 36 65 66 
65 66 
25 71 
6 17 22 36 65 
6 65 74 77 86 
12 27 33 35 36 86 
17 22 65 
6 65 77 86 
34 86 
44 65 66 
14 35 36 
14 44 65 66 
6 17 22 36 65 
6 14 44 65 66 
12 29 33 86 
14 66 
10 38 42 57 60 65 97 
8 12 29 33 86 
6 12 22 25 34 36 65 86 
6 17 22 36 65 
6 12 14 25 28 34 36 74 86 
25 44 47 57 65 71 99 
10 14 42 44 57 60 65 66 97 
6 14 41 44 
1 10 38 42 57 60 65 97 
6 14 41 44 
1 10 38 42 57 60 65 97 
6 14 34 44 89 
12 25 34 57 74 77 86 99 
12 34 36 86 
14 41 44 
12 34 36 86 
27 35 44 65 66 86 
6 17 22 36 65 
25 44 47 57 65 71 99 
12 33 35 36 86 
6 14 41 
6 17 22 36 41 44 65 
6 14 41 44 
44 65 66 
25 35 38 44 48 71 77 
14 41 44 
8 12 29 33 86 
12 25 33 34 57 74 77 86 99 
6 14 41 44 89 
77 
12 34 36 86 
6 14 25 34 41 44 89 
34 44 65 66 86 
38 65 
34 36 
6 17 36 65 
1 10 38 42 57 60 97 
25 44 47 57 71 99 
6 14 41 44 
34 89 
25 35 38 44 48 71 77 
12 25 33 34 57 74 77 86 99 
25 35 38 44 48 71 77 
8 12 29 33 86 
6 14 41 
12 34 36 38 65 86 
12 34 36 86 
6 14 17 22 36 41 65 
12 14 25 44 65 66 
1 10 12 25 38 42 60 65 97 
6 22 25 65 77 
6 14 28 38 41 74 86 
8 29 33 86 
38 44 65 66 
8 12 29 33 34 36 89 
25 35 38 71 77 
12 25 
6 14 22 28 74 86 
12 34 36 86 
34 44 65 66 
8 12 29 33 34 86 
14 44 
44 65 66 
12 25 33 34 77 99 
6 17 22 36 65 
8 12 25 29 33 35 38 44 48 71 77 86 
25 35 38 44 48 71 77 
14 41 44 
6 14 41 44 
6 14 17 22 28 36 38 41 65 86 
25 44 47 57 65 71 99 
6 14 28 38 41 74 86 
44 65 66 
44 65 66 
25 35 38 44 48 71 77 
6 14 41 44 
44 65 66 
25 35 38 41 44 48 71 77 
8 12 29 44 65 66 86 
25 27 35 36 44 47 57 71 86 99 
14 44 65 
25 44 47 57 65 71 99 
25 57 65 71 99 
14 65 66 
14 65 66 
6 17 22 36 65 
25 44 47 57 65 99 
6 17 22 36 65 
14 41 74 86 
6 17 22 36 65 
6 17 22 36 65 
25 35 38 44 48 71 77 
12 25 27 33 34 57 74 77 86 99 
25 35 38 44 48 71 77 
17 22 36 65 
14 44 66 
6 17 22 65 
8 12 25 29 38 44 48 71 77 86 
12 25 34 57 74 77 86 99 
25 35 38 44 48 71 77 
22 36 65 
44 66 
1 10 38 42 57 60 65 97 
6 14 44 65 66 
41 
1 10 38 42 57 97 
25 35 38 44 48 71 77 
12 34 36 86 89 
27 33 35 36 86 
6 12 65 
6 17 22 
1 6 10 38 41 42 44 57 65 97 
6 17 22 36 65 
12 25 33 34 57 74 77 86 99 
6 14 22 44 66 74 77 
27 35 36 86 
6 14 41 44 
14 41 
6 17 22 36 65 
6 17 22 41 44 65 66 
6 14 28 38 41 86 
38 65 
25 35 38 44 48 71 77 
6 14 17 36 38 41 44 74 
44 65 66 
6 8 12 25 29 65 86 
14 44 65 66 
44 65 66 
25 33 34 77 86 
8 33 86 
12 25 44 57 74 99 
27 33 35 36 38 65 86 
6 12 14 25 41 44 
25 34 57 77 99 
25 35 38 44 48 71 77 
25 47 57 65 71 99 
12 34 36 86 
25 35 38 44 48 71 77 
6 17 22 36 65 
12 25 
6 17 22 34 36 65 
25 35 44 48 
6 74 77 86 
6 14 41 44 
27 33 35 36 86 
12 25 
12 25 33 34 57 74 77 86 99 
38 65 
44 65 66 
6 14 28 74 86 
6 14 41 44 
12 25 34 74 86 
25 38 44 48 71 77 
25 77 
8 12 29 33 86 
6 14 41 44 
1 12 25 38 42 57 60 65 97 
6 12 14 25 41 
12 25 34 89 
17 22 36 65 
12 25 33 34 57 74 77 86 99 
66 
6 14 41 44 
25 44 47 57 65 71 99 
12 14 44 65 66 
6 44 
44 66 
25 35 38 44 48 71 77 
12 25 29 33 86 
8 33 44 65 66 86 
25 35 38 44 48 71 77 
27 33 35 36 86 
27 33 35 36 86 
14 25 34 35 38 44 48 71 77 89 
12 25 33 34 44 57 65 66 86 99 
6 14 28 74 86 
25 35 38 44 48 77 
8 33 47 71 78 85 99 
8 12 14 29 33 44 65 66 
6 14 41 44 65 66 
6 22 65 
6 17 36 65 
6 14 28 74 86 
17 22 25 36 
25 35 38 44 48 71 
25 35 38 44 48 71 77 
27 33 35 36 86 
12 34 36 86 
12 25 71 77 
6 34 65 77 86 89 
25 35 38 44 48 71 77 
6 14 41 44 
6 65 74 77 86 
1 10 38 42 57 60 65 97 
25 44 47 57 65 71 99 
44 65 66 
6 44 65 66 74 77 86 
6 14 28 74 86 
6 17 22 36 65 
12 25 34 57 74 77 99 
8 12 33 86 
6 14 28 74 86 
44 65 66 
6 14 41 44 
25 35 38 44 48 71 
12 29 33 86 
25 35 38 44 48 71 77 
6 14 41 44 
25 44 47 57 65 99 
6 17 22 36 65 
14 25 28 74 86 
44 65 66 
8 12 25 29 33 86 
6 14 22 27 35 36 44 65 86 
6 14 28 38 41 74 86 
6 22 28 65 74 86 
25 35 38 44 48 71 77 
6 14 34 41 44 89 
12 33 
25 35 38 44 48 71 77 
25 35 38 44 48 71 77 
44 65 66 
6 17 22 65 
12 25 
6 22 36 65 
6 8 14 29 34 41 44 
6 14 38 41 74 86 
12 25 33 34 57 74 77 86 99 
25 35 38 44 48 71 77 
27 33 35 36 86 
44 65 66 
44 65 66 
6 14 41 44 65 66 
6 34 44 57 65 66 77 86 99 
27 33 35 36 86 
6 29 33 41 
6 22 36 41 44 65 
8 12 29 33 86 
27 33 34 35 36 86 
27 33 35 36 86 
6 14 74 86 
25 34 89 
12 25 
6 28 38 41 74 86 
25 35 38 44 48 71 77 
6 14 28 65 74 77 86 
6 12 17 22 36 65 
44 66 
34 44 65 66 89 
6 14 25 41 44 
6 14 41 44 
12 33 34 57 74 77 86 99 
27 33 35 36 86 
6 28 38 65 74 86 
6 17 22 34 65 89 
35 38 44 48 71 77 
86 
28 38 41 74 
14 44 65 66 
27 33 35 86 
12 34 36 86 
12 25 35 38 44 48 65 71 77 
8 12 29 33 34 36 86 
12 25 33 34 57 74 77 86 99 
17 22 36 65 
14 34 44 65 66 89 
8 12 29 33 86 
6 25 35 38 44 48 65 71 74 77 86 
34 36 86 
44 65 66 
12 25 33 34 57 74 77 86 99 
1 10 38 42 57 60 65 97 
12 25 
25 35 38 48 
8 12 29 33 86 
25 38 48 71 77 
6 17 22 36 65 
25 44 47 57 65 71 
12 25 33 34 57 77 86 99 
25 
6 12 17 22 25 65 
6 34 41 44 
33 86 
6 14 25 36 41 44 
6 14 41 44 65 74 86 
6 14 28 41 44 86 89 
6 14 41 44 
6 65 74 77 86 
14 44 65 66 
25 35 38 44 48 71 
6 14 41 44 
6 17 22 36 65 
25 35 38 44 48 71 77 
12 25 34 36 86 
6 12 86 
6 12 14 25 41 44 71 77 
12 25 
12 29 33 86 
35 48 71 77 
6 14 41 44 
25 44 57 65 71 99 
25 35 38 44 48 71 77 
1 10 29 38 42 57 60 65 86 97 
6 12 17 22 27 36 65 
6 17 22 36 65 
6 12 17 22 25 34 36 65 89 
8 12 29 33 86 
14 44 65 89 
25 35 38 44 48 71 77 
6 17 22 65 
6 12 14 41 44 
12 25 
6 12 17 22 25 36 65 
8 29 33 
25 47 65 71 99 
12 38 44 48 71 
6 22 34 36 65 89 
25 35 38 44 48 71 77 
25 
6 34 65 74 77 86 89 
25 99 
6 14 34 41 44 89 
12 
6 14 17 22 34 36 65 86 89 
12 25 
6 17 22 36 65 
14 44 65 66 
1 10 38 42 57 60 65 97 
25 44 71 77 89 
6 17 22 36 65 
6 14 41 44 
6 12 17 22 25 27 34 36 57 65 74 77 86 99 
12 25 
25 35 38 44 71 77 
27 33 35 36 86 
14 41 44 
6 22 34 36 65 86 
12 25 33 34 57 74 77 86 99 
27 36 86 
25 44 47 57 65 71 99 
6 17 22 34 36 65 89 
6 12 14 25 28 34 74 86 89 
35 38 44 48 71 
6 14 41 44 
12 25 34 77 86 99 
12 25 
6 17 22 36 65 
6 14 25 41 
1 10 38 42 57 60 65 97 
34 89 
25 34 35 38 44 48 71 77 89 
6 14 28 74 86 
6 14 41 44 
12 25 33 34 57 74 77 86 99 
6 17 
6 17 22 36 65 
25 35 38 44 48 65 66 71 
6 17 22 36 65 
12 25 
14 44 65 66 
12 33 86 
44 65 
6 41 44 89 
12 25 34 57 74 77 86 
6 12 17 34 36 65 
14 65 66 
6 14 28 74 86 
6 14 41 44 
1 10 38 42 57 60 65 97 
1 10 38 42 57 60 65 97 
6 12 14 25 41 44 
6 17 22 36 65 
6 14 41 44 
8 12 29 33 34 86 89 
12 25 33 34 57 74 77 86 99 
6 14 28 38 41 74 86 
25 35 38 44 48 71 77 
25 35 38 44 48 77 
6 14 17 22 36 44 65 66 
12 34 36 44 65 66 
25 44 57 65 71 99 
12 25 44 65 66 
12 34 36 86 
14 28 86 
25 35 38 44 48 71 77 
44 65 66 
25 
25 35 38 44 48 71 77 
6 14 41 44 
25 35 44 48 71 
6 17 22 36 65 
6 22 65 
12 25 44 65 66 
14 38 41 44 65 
6 14 28 38 41 74 86 
6 12 34 36 74 86 
6 14 28 74 86 
6 14 41 44 
35 38 44 48 71 77 
25 35 48 71 77 
6 
25 35 38 44 48 71 77 
27 33 35 36 86 
12 34 86 
25 44 65 71 99 
36 
44 65 
6 17 22 36 65 
44 65 66 
14 28 74 86 
6 12 17 22 25 33 34 36 57 65 74 77 86 99 
44 65 66 
12 25 33 57 74 77 86 99 
6 14 28 74 86 
6 65 74 77 86 
14 41 
6 17 22 36 65 
12 25 65 
1 10 38 42 57 60 65 97 
25 35 38 44 48 71 77 
14 41 44 
6 14 25 35 38 41 44 48 71 77 
6 14 34 38 41 65 89 
34 89 
8 29 33 
6 22 44 65 66 
6 14 25 47 57 65 71 99 
6 14 28 74 86 
6 14 17 22 36 41 44 65 66 
6 12 14 25 33 41 86 
6 12 14 25 33 34 41 44 57 74 77 86 99 
12 25 
44 65 66 
12 14 25 44 65 66 
6 14 41 44 
25 35 38 44 48 71 77 
12 34 44 57 65 66 74 77 86 99 
25 35 38 44 48 71 77 
27 33 35 36 86 
33 35 36 86 
12 
25 38 44 48 77 
34 89 
25 35 38 48 71 77 
12 25 
25 35 38 44 48 71 77 
38 65 
6 17 22 36 65 
44 65 66 
14 44 65 66 
1 10 38 42 57 60 65 97 
6 14 41 44 
6 17 22 
6 41 44 
34 86 
12 25 
14 65 66 
1 10 38 42 57 60 65 97 
25 35 38 44 48 71 77 
6 17 36 65 
6 12 14 25 44 65 66 
6 14 41 44 
65 66 
12 29 33 86 
6 17 22 65 
44 65 66 
6 65 74 77 86 
6 14 41 44 89 
1 10 33 38 42 57 60 97 
25 44 47 57 65 71 99 
6 17 22 36 65 
44 65 66 
25 35 38 44 48 71 77 
12 33 34 57 74 77 86 
6 17 22 36 44 65 66 
6 17 22 36 65 
44 89 
6 14 41 44 
6 14 41 44 65 
27 33 35 36 86 
65 74 77 86 
6 17 36 65 
6 12 14 34 36 44 86 
6 12 14 25 27 33 35 36 41 44 
12 17 22 25 65 
6 14 41 44 
12 25 74 86 99 
27 33 35 36 86 
14 
6 17 22 36 65 
25 71 77 
6 14 41 44 65 66 
44 65 
6 14 41 44 65 66 
6 17 22 36 
6 41 44 
25 
34 89 
12 44 65 66 
6 14 41 44 
14 44 65 66 
34 41 89 
12 34 36 86 
27 33 34 35 86 89 
12 25 38 65 
17 36 38 44 65 
6 17 22 36 65 
12 25 33 34 57 74 77 86 99 
6 17 36 65 
6 17 22 36 65 
12 33 34 57 74 77 86 99 
35 44 71 77 
14 44 65 66 
12 27 33 34 35 36 86 
25 35 38 44 48 77 
6 14 28 74 86 
6 14 41 44 
25 35 38 44 48 71 77 
27 36 86 
35 38 44 48 71 77 
25 35 38 44 48 71 77 
27 35 36 86 
41 44 
12 25 33 35 38 44 48 71 77 
6 14 41 44 
6 65 74 77 
6 14 28 74 86 
34 89 
8 12 29 33 86 
14 44 65 66 
38 65 
25 35 38 44 48 71 77 
25 35 38 44 48 71 77 
6 14 41 44 
14 41 44 
8 12 29 33 86 
44 66 
89 
6 14 44 65 66 
6 14 28 74 86 
6 14 17 33 35 41 44 65 
6 12 14 41 44 
6 14 41 44 
6 14 41 44 
8 
12 17 22 34 36 65 86 
12 25 
27 33 35 36 
1 10 12 25 34 38 42 57 65 97 
33 34 74 77 86 
6 14 28 74 86 
12 34 35 36 48 77 86 
6 14 44 65 66 
12 34 36 
25 44 47 57 65 71 99 
6 14 28 44 65 66 74 86 
6 14 41 
12 25 33 34 57 74 77 86 99 
44 65 66 
12 25 
1 10 38 42 57 60 65 97 
25 44 47 57 71 
8 12 29 33 86 
65 74 77 86 
6 17 22 
1 10 38 42 60 65 97 
6 8 12 14 29 41 44 86 
12 34 86 89 
12 14 25 44 66 
25 35 38 44 48 71 77 
12 33 
12 38 65 
12 34 36 86 
6 17 22 34 36 65 86 
6 17 22 36 65 
25 34 35 38 44 71 77 89 
12 25 33 34 57 74 77 86 99 
6 77 
6 17 22 36 65 
8 12 29 33 86 
25 35 38 44 48 71 77 
38 
44 65 66 
6 17 22 36 65 
6 12 22 25 33 34 36 57 65 74 77 86 99 
34 89 
12 17 22 25 33 57 65 74 77 86 99 
44 65 66 
6 17 22 36 65 
1 38 42 57 60 65 97 
34 89 
89 
1 10 42 57 60 65 97 
25 35 71 
6 14 41 44 
44 65 66 
6 14 22 44 
27 33 35 36 86 
6 17 22 36 65 
25 38 44 48 71 
25 44 57 65 
14 44 65 66 
25 35 38 44 48 71 77 
6 17 22 
25 44 47 57 65 71 99 
44 65 66 
6 12 22 36 65 89 
6 8 12 25 28 29 33 44 66 74 86 
8 12 25 29 33 86 
25 57 65 71 99 
12 25 33 34 57 74 77 86 99 
25 71 77 
6 14 41 44 
12 14 25 65 66 
6 14 41 44 
12 25 
8 12 29 33 86 
25 35 38 44 48 71 77 
25 38 44 48 71 77 
6 17 25 36 65 
6 14 28 74 86 
8 12 29 33 86 
6 25 44 65 66 77 
25 35 38 44 48 71 77 
25 35 38 44 48 71 77 
6 14 44 47 71 
6 14 28 38 41 74 86 
8 12 29 33 86 
14 44 66 
25 44 47 57 65 99 
25 35 38 44 48 71 77 
6 17 22 65 
6 14 41 44 
77 
25 35 38 44 48 65 66 71 77 
14 44 65 66 
12 33 34 57 74 77 86 99 
12 25 33 34 57 74 99 
25 35 44 71 77 
6 14 41 44 
6 14 41 44 
1 38 42 57 60 65 97 
6 17 65 
6 14 41 44 65 66 
25 71 
6 14 38 65 
12 34 36 86 
6 25 44 47 65 77 86 89 99 
12 25 33 44 57 74 77 86 99 
12 25 
25 35 38 44 48 71 77 
34 36 38 65 86 
6 17 22 36 65 
6 12 14 28 34 36 74 86 
12 14 29 33 34 36 44 86 
10 38 42 57 60 97 
12 25 
6 14 28 38 41 74 86 
12 25 34 44 57 89 
14 44 65 66 
6 17 22 36 65 
6 14 33 41 44 86 
12 29 33 34 86 
12 25 35 38 44 48 71 77 
12 25 33 47 71 85 99 
38 65 66 
6 12 25 34 74 77 86 
12 14 25 33 34 44 65 66 74 77 86 99 
6 14 28 74 86 
12 25 
44 65 
6 14 41 44 
6 17 22 36 65 
8 12 29 33 86 
8 12 29 33 
1 10 38 42 57 60 65 97 
6 34 41 89 
25 44 57 65 71 99 
14 74 86 
6 14 25 44 65 66 
44 65 66 
12 14 34 36 44 65 66 86 
6 12 14 25 41 44 
12 34 36 86 
25 27 33 35 38 44 48 71 77 86 
14 29 33 44 65 66 
6 14 28 44 74 86 
25 35 44 77 
6 14 17 22 44 65 66 
25 44 48 
25 35 38 44 48 71 77 
12 25 35 38 44 48 65 66 71 77 
65 66 
8 12 25 29 33 86 
6 14 41 44 
12 25 65 
8 12 29 33 86 
34 89 
6 14 28 34 74 86 89 
44 65 66 
6 14 41 44 65 66 
12 25 44 65 66 
6 17 22 36 65 
6 41 44 
12 33 34 57 77 86 99 
6 12 14 25 33 34 41 44 57 74 77 86 99 
25 35 38 44 47 57 65 71 99 
14 44 65 66 
6 12 14 25 41 44 
25 71 77 
6 17 22 36 65 
6 14 41 44 
44 65 66 
25 35 38 44 48 71 77 
12 34 36 86 
6 74 77 
6 17 22 36 65 
6 14 41 44 
25 35 38 44 48 71 77 
6 14 17 22 41 44 
38 65 
8 12 29 33 86 
6 14 25 35 41 44 47 65 71 77 99 
6 12 25 65 66 74 77 86 
12 14 25 44 65 66 
12 22 34 36 65 86 
12 25 33 34 57 77 86 99 
12 44 65 66 
6 17 22 36 65 
44 65 
14 44 65 
12 25 33 34 57 74 86 
6 14 17 41 44 65 
6 65 74 77 86 
6 17 27 33 35 36 86 
12 25 33 34 57 74 77 86 99 
6 14 41 44 
25 
6 
6 17 22 36 65 
25 35 38 44 48 71 77 
6 17 36 65 
33 35 86 
25 27 71 77 
12 25 34 57 74 77 86 99 
14 28 38 41 74 86 
12 25 33 57 74 86 
12 25 33 34 57 74 77 86 99 
6 17 22 36 65 
6 12 14 25 28 74 86 
44 65 66 
6 14 44 65 66 74 77 86 
6 14 28 74 86 
6 14 41 44 
17 22 36 44 65 66 
6 14 28 38 41 74 86 
14 27 35 36 74 86 
6 14 41 44 
6 14 41 44 
6 14 17 22 36 41 65 
6 14 41 44 57 
14 25 35 38 44 48 65 71 
6 14 25 41 
25 35 38 44 48 71 77 
6 27 33 35 36 41 44 86 
25 35 38 44 48 71 77 
17 22 36 65 
12 25 
6 17 22 36 65 
14 44 65 66 
6 14 41 44 
6 17 22 36 65 
6 14 41 44 
35 36 
25 35 38 44 48 71 77 
6 12 14 25 28 74 86 
34 89 
8 12 29 33 86 
6 12 14 25 29 33 41 44 86 
44 65 66 
25 34 89 
6 14 34 74 89 
27 33 34 35 86 89 
1 10 42 60 65 
14 28 35 38 44 48 71 74 77 
44 47 57 71 99 
17 22 36 
6 14 28 74 86 
25 71 77 
25 35 38 44 48 71 77 
6 14 41 44 
12 38 65 
12 25 33 34 57 74 77 99 
27 33 35 36 86 
14 65 66 
12 34 36 86 
1 10 38 42 60 97 
25 34 57 74 77 
6 14 41 44 
25 35 38 44 48 77 
8 12 25 29 86 
6 12 17 22 25 65 
8 33 86 
6 17 22 36 65 
6 14 41 44 
12 36 86 
6 14 41 44 
25 35 38 44 48 71 77 
41 44 
25 35 44 48 71 77 
44 65 66 
6 14 41 44 
12 25 
6 14 41 44 
6 17 22 36 65 
12 25 
6 14 41 44 
25 35 38 44 48 71 77 
25 35 44 48 71 77 
1 10 38 42 57 60 65 97 
6 14 41 44 
6 41 44 
14 44 66 
6 41 89 
14 34 41 44 89 
6 14 28 38 41 74 86 
6 14 34 44 89 
6 14 41 44 
6 22 36 65 74 77 86 
25 77 
6 14 41 44 
27 33 35 36 44 65 66 86 
27 33 35 36 86 
12 25 44 47 57 65 71 99 
6 17 22 36 65 
6 12 65 74 77 86 
34 89 
8 12 29 33 86 
12 25 34 57 74 77 86 99 
27 33 36 
6 17 22 36 65 
6 17 22 36 65 
44 65 66 
6 17 22 36 65 
14 41 44 
12 34 36 86 
12 34 36 86 
12 29 33 86 
25 35 38 44 48 71 77 
6 12 17 22 36 65 
6 14 17 22 28 36 38 41 44 65 86 
6 22 25 35 38 44 48 65 71 77 
35 44 48 71 77 
6 17 22 36 65 
6 14 41 44 
6 14 28 
6 12 14 25 28 74 86 
25 44 47 57 65 71 99 
6 17 22 36 65 
12 25 
6 65 74 77 86 
6 14 41 44 
35 38 44 48 71 77 
6 17 22 65 
1 10 38 42 57 60 65 97 
25 35 38 44 48 71 77 
17 22 36 44 
12 25 33 34 57 77 86 
6 28 38 41 74 86 
12 25 35 38 44 48 65 66 71 77 
25 35 38 44 48 71 77 
6 14 41 44 
25 34 71 77 
6 17 22 36 65 
6 14 
6 41 44 
12 25 44 65 66 
6 12 14 25 41 44 
12 25 44 65 66 
25 35 38 44 48 71 77 
6 14 28 74 86 
6 14 41 44 65 
44 65 
44 65 66 
12 34 36 86 
25 35 38 44 71 77 
66 
6 14 28 41 44 74 86 
6 22 36 44 65 66 
14 44 65 66 
22 44 65 66 
25 35 38 44 48 71 77 
12 25 
6 17 22 36 65 
6 17 22 65 
6 22 41 44 
12 25 33 34 57 74 77 86 99 
17 36 65 66 
74 
8 12 29 33 86 
6 14 41 44 
12 
1 38 42 60 97 
1 10 12 38 42 57 60 65 97 
27 33 35 36 86 
25 35 38 44 71 77 
6 14 41 44 
6 17 22 36 65 
25 35 38 44 48 71 77 
6 14 41 44 
14 34 44 65 66 89 
6 17 22 65 
6 17 22 65 
25 35 38 44 48 71 77 
65 66 
1 10 38 42 57 60 65 97 
6 25 35 38 44 48 71 77 
6 17 22 36 65 
6 14 
12 25 
12 25 33 34 57 77 86 99 
6 12 22 34 36 44 65 86 
25 38 44 48 65 66 71 77 
6 14 28 74 86 
12 25 34 57 77 86 99 
6 14 41 44 
44 65 66 
12 34 36 86 
6 14 22 41 44 
6 17 22 36 65 
12 25 65 66 
25 33 34 57 74 77 86 99 
6 22 36 65 
6 14 41 44 
6 17 22 36 65 
6 14 41 44 
6 41 44 
6 65 86 
8 12 29 33 86 
27 33 35 36 
44 65 66 
12 25 
6 14 41 44 
6 14 41 44 
12 25 33 34 57 74 77 86 
65 66 
38 65 86 
17 22 36 65 
6 14 41 44 
12 25 33 34 57 74 77 86 99 
25 38 44 48 71 77 
44 65 66 
22 
6 
6 14 41 44 
14 41 44 65 66 
8 12 29 33 86 
25 35 38 44 48 71 77 
12 25 
6 17 22 36 65 
6 14 17 22 36 41 44 65 
25 38 44 48 71 77 
6 41 44 
34 86 
12 22 29 34 36 86 
12 14 36 44 65 66 86 
6 17 22 36 65 
65 74 77 86 
34 89 
14 38 44 65 66 
12 25 33 34 38 44 57 65 74 77 86 99 
6 14 74 86 
65 66 
8 12 27 36 86 
12 25 33 34 57 74 77 86 
12 25 
12 25 33 34 57 74 86 99 
6 17 22 65 89 
12 25 
25 35 38 44 71 77 
6 14 34 41 44 65 66 
6 14 41 44 65 66 
6 14 17 22 36 41 44 
44 65 66 
25 38 44 48 71 77 
6 25 35 36 38 44 48 65 71 77 
25 35 38 44 48 71 77 
34 89 
38 65 
8 12 29 33 86 
8 12 25 29 33 34 57 74 77 86 99 
44 65 66 
6 41 44 
6 22 36 65 
38 44 65 66 
25 35 38 48 71 77 
12 25 33 34 57 74 77 86 99 
25 35 38 44 48 71 77 
22 25 36 
34 38 65 89 
25 44 47 57 65 71 99 
12 34 36 86 89 
6 12 14 25 28 74 
17 22 36 
34 44 65 66 89 
12 25 33 34 57 74 77 99 
14 27 35 86 
6 17 22 36 65 
12 25 34 36 86 
6 14 28 38 41 74 
25 35 48 71 
6 8 12 14 25 41 44 
25 35 38 44 48 71 77 
12 33 57 74 86 99 
6 14 44 65 66 
6 17 22 25 36 44 47 57 65 71 99 
6 14 28 38 41 74 86 
6 14 41 44 
8 12 29 33 86 
12 27 33 34 35 36 86 89 
6 17 22 36 65 
44 65 66 
25 35 38 44 48 71 77 
6 65 74 77 86 
12 25 35 38 44 48 65 71 77 
44 47 57 65 71 99 
6 14 28 74 86 
12 25 33 34 57 74 86 99 
12 25 33 34 57 74 77 99 
27 35 36 86 
6 17 22 36 65 
27 33 35 36 
6 14 28 74 86 
6 17 22 36 65 
12 25 41 
6 17 22 65 
27 33 36 86 
6 14 41 44 
6 14 74 86 
6 14 28 74 86 
6 14 41 44 65 66 
12 25 36 86 
6 17 22 65 
38 44 65 66 
25 35 38 44 48 71 77 
12 25 34 
25 35 38 44 71 77 
12 25 35 38 44 48 71 77 
12 25 33 77 99 
6 14 41 44 
6 8 12 33 41 86 
25 35 38 44 48 71 77 
6 14 41 44 
12 25 33 34 57 74 77 86 
6 14 34 44 
6 17 22 65 
6 17 22 
6 22 34 36 41 44 89 
12 25 65 
6 17 22 36 65 
12 25 
25 34 35 38 44 48 71 77 89 
6 14 28 74 86 
6 41 44 
44 65 66 
25 35 38 44 47 48 71 77 
14 41 44 
6 17 22 36 65 
6 14 28 74 86 
6 17 22 36 65 
6 14 25 41 44 
6 14 41 44 
12 17 25 33 34 57 74 77 
12 25 35 38 44 48 65 71 77 
6 41 44 
1 38 42 57 60 65 97 
6 17 22 65 
12 25 27 33 35 
25 35 38 44 71 77 
6 14 41 44 
6 17 25 35 36 38 44 48 65 71 77 
6 17 22 
27 33 35 36 86 
14 74 86 
25 35 38 44 47 48 57 65 66 71 77 99 
14 41 44 
6 44 66 
6 22 36 65 
44 65 66 
38 65 
6 14 41 44 
6 14 41 44 65 66 
6 28 74 86 
6 17 22 36 65 
34 44 65 66 89 
6 12 14 25 41 71 99 
6 14 41 44 89 
25 35 38 44 48 71 
6 14 41 44 
25 38 44 48 71 77 
6 14 28 74 
6 14 28 38 41 74 86 
44 65 66 
25 35 44 65 66 71 77 89 
6 17 22 65 86 
25 71 77 
6 14 41 44 
6 17 22 36 65 
14 44 65 66 
12 25 
25 44 47 57 65 71 
14 44 65 66 86 99 
6 17 22 36 65 
6 14 41 44 
25 35 38 44 48 71 77 
6 14 41 44 
25 35 38 44 48 71 77 
14 44 65 66 
6 14 41 44 86 
12 25 
25 35 38 44 48 71 77 
1 27 38 65 86 97 
34 89 
8 12 29 33 65 86 
14 44 65 66 
6 14 38 44 65 
6 14 38 41 44 65 
6 14 41 44 
6 17 22 36 65 
25 44 47 57 65 71 99 
6 33 35 65 74 77 86 
6 17 22 65 77 
12 29 33 86 
6 17 22 36 65 
12 25 
1 10 38 42 57 60 65 97 
25 35 38 44 48 71 77 
12 14 25 44 66 
6 14 44 
25 38 44 71 77 
8 12 25 29 33 86 
6 12 17 22 25 36 65 
6 14 41 44 65 74 77 
14 44 65 66 
12 25 
6 22 35 36 65 86 
14 65 66 
6 44 65 66 71 
25 35 38 44 48 71 77 
1 10 38 42 57 60 65 97 
6 14 41 44 
14 27 33 35 36 41 44 65 66 86 
14 28 74 86 
34 44 89 
6 65 74 77 
6 14 22 36 41 44 65 
44 65 66 
6 14 44 65 66 
14 44 65 66 
25 35 38 44 48 71 77 
6 12 14 25 41 44 
34 89 
25 35 38 44 48 71 77 
12 25 33 34 57 74 77 
71 77 
34 89 
6 25 38 41 44 48 71 77 
25 35 44 48 65 66 71 77 
25 44 47 57 65 71 99 
14 44 65 66 
6 14 41 44 65 66 
27 35 36 86 
6 14 28 38 41 74 86 
6 17 22 65 
34 89 
25 35 38 44 48 71 77 
14 34 41 44 65 
6 14 35 38 44 48 71 77 
25 35 38 
34 
6 44 86 
44 65 66 
6 12 14 25 28 
14 44 65 66 
14 44 65 66 
1 10 38 42 57 60 65 97 
35 38 44 71 77 
38 65 
14 44 65 
34 89 
25 35 38 44 71 77 
27 33 35 36 86 
6 17 36 65 
6 14 44 
25 35 38 44 48 77 
6 12 17 22 25 36 44 65 
6 65 74 77 86 
38 65 
6 14 28 34 38 41 44 74 86 89 
44 47 65 71 99 
12 25 33 34 57 74 77 86 99 
12 44 65 66 
65 86 
6 17 36 65 
12 25 33 34 57 74 77 86 99 
6 14 41 44 
6 41 44 
25 44 47 57 99 
6 14 41 44 
1 10 12 25 38 42 57 65 97 
6 14 41 44 
12 25 
25 34 89 
6 17 22 36 
27 33 35 36 86 
14 44 65 66 
6 22 36 65 
1 10 12 25 38 42 57 60 65 97 
25 35 38 44 48 71 77 
8 12 29 33 86 
12 25 33 34 57 74 77 86 99 
6 14 41 44 
41 65 66 
6 22 65 
34 36 86 
14 41 44 
12 
12 34 86 
6 14 41 44 
25 35 38 44 48 71 77 
6 14 41 44 65 
25 35 44 65 66 
12 25 
10 25 35 38 42 57 60 65 
12 25 38 65 
8 12 25 29 86 
6 17 22 36 
14 22 44 66 
14 27 33 35 36 44 86 
38 65 
14 44 65 
12 34 36 86 
6 17 22 65 
44 65 66 
25 38 44 48 71 77 
6 14 41 44 
44 65 66 
6 14 41 44 
6 17 22 
6 14 28 38 41 74 86 
25 35 38 44 48 71 77 
6 17 22 27 33 35 36 65 86 
12 
1 10 38 42 57 60 65 97 
6 14 41 
44 65 66 
6 14 41 44 
25 33 34 57 74 77 86 99 
6 14 28 38 41 44 74 86 
8 12 29 33 86 
6 12 14 25 28 74 86 
6 65 74 77 86 
25 35 38 44 48 71 77 
34 86 99 
25 35 38 44 48 71 77 
6 17 36 41 
6 14 28 74 86 
14 44 65 
12 25 
14 25 35 38 41 44 71 77 
27 33 35 36 86 
17 34 65 89 
25 44 47 57 65 71 99 
65 66 
6 14 25 38 41 44 48 
25 35 38 44 48 71 77 
6 34 65 74 89 
17 25 36 44 47 57 65 71 99 
12 29 33 44 65 66 86 
1 10 38 42 57 
6 14 41 44 
14 44 65 66 
27 33 35 36 
25 38 48 71 
17 22 65 
6 17 22 36 65 
1 38 65 
12 25 89 
6 17 22 36 65 
33 35 36 38 44 71 77 
12 25 34 57 65 66 74 77 86 89 99 
14 28 35 38 44 65 71 74 77 86 
6 17 22 36 41 44 65 
44 
25 35 38 44 48 71 77 
25 35 38 44 48 71 77 
6 17 22 36 65 
17 22 65 
6 14 44 
6 22 36 65 
6 74 86 
6 14 28 
44 66 
17 65 
12 25 33 34 57 74 77 86 99 
6 17 22 36 65 
25 33 34 57 74 86 99 
6 22 36 65 
6 25 35 36 38 44 48 71 77 
12 25 
25 35 38 44 48 71 77 
6 41 44 
1 10 38 42 57 60 65 97 
12 25 33 34 57 74 77 86 
6 17 36 
6 17 22 36 65 
6 14 41 44 
6 14 41 44 
6 14 28 38 41 74 86 
1 10 38 60 97 
25 35 38 44 48 71 77 
22 33 35 36 86 
25 
25 35 38 44 48 71 77 
6 17 22 36 65 
6 17 22 36 65 
6 65 77 86 
14 25 35 38 41 44 48 77 
12 34 
14 44 65 
6 65 74 86 
6 12 14 25 41 44 
14 44 65 66 
6 17 22 65 
6 17 22 36 65 
8 12 33 86 
6 14 28 86 
6 14 34 41 44 86 
6 14 34 36 41 44 86 
8 12 25 29 33 44 65 66 86 
25 35 38 44 48 71 77 
1 10 38 57 65 97 
89 
12 25 
6 12 17 22 25 36 
25 35 38 44 48 71 77 
12 25 33 34 44 57 65 66 74 77 86 99 
1 10 38 42 44 57 60 65 66 97 
6 17 22 36 65 
14 44 65 
6 17 22 36 65 
12 25 44 57 71 
1 10 38 57 65 97 
33 35 36 44 65 66 
6 14 34 41 86 
6 17 22 36 65 
27 33 35 36 86 
34 65 66 89 
6 14 25 28 41 44 48 71 77 
6 14 44 65 66 
6 14 38 41 86 
6 65 74 86 
6 14 44 
6 65 74 77 86 
25 44 57 71 99 
34 89 
6 14 41 44 
12 22 
6 14 41 44 
27 33 36 86 
8 12 29 33 86 
17 22 44 65 66 
25 35 38 44 48 71 77 
6 17 22 34 36 65 
25 35 38 44 48 71 77 
12 14 25 28 74 86 
6 14 28 74 86 
25 35 38 44 48 71 77 
6 12 14 25 41 44 
12 25 33 34 74 77 86 99 
8 12 29 33 86 
25 35 38 44 48 71 77 
34 89 
25 35 38 44 48 71 77 
12 29 33 86 
6 12 14 25 
34 65 66 89 
44 65 66 
8 12 29 33 86 
8 14 29 33 44 65 66 86 
44 65 66 
12 25 
6 14 25 27 35 36 41 44 
8 12 29 33 36 44 65 66 86 
27 35 36 86 
6 14 34 41 44 
25 35 38 44 48 71 77 
25 38 44 71 77 
12 29 33 86 
6 12 34 36 86 
6 65 74 77 86 
6 14 34 41 44 89 
25 35 38 44 48 71 77 
44 65 66 
25 35 38 44 48 71 77 
25 35 38 71 77 
44 47 57 65 71 99 
25 38 44 48 71 77 
6 12 14 28 34 36 74 86 
6 14 41 44 
25 35 38 44 48 71 77 
12 25 33 34 77 86 99 
6 17 22 65 
25 35 38 44 48 71 
65 66 
14 41 44 
14 41 44 
44 65 66 
6 14 41 44 
12 25 33 57 74 77 86 99 
6 12 14 28 34 36 74 86 
1 10 14 38 42 44 57 60 65 66 97 
12 36 
1 10 38 42 57 60 65 97 
25 35 38 44 48 71 77 
6 17 22 36 65 
1 10 42 60 65 97 
65 66 
12 25 
14 44 65 
6 14 28 74 86 
65 74 77 86 
6 17 22 34 36 44 65 66 89 
25 71 77 
12 25 
1 10 38 42 57 60 65 97 
27 33 36 
6 17 22 36 65 66 
1 10 38 42 57 60 65 97 
12 29 33 86 
6 17 22 36 65 
25 
6 14 41 44 65 
6 14 41 44 
6 65 74 77 86 
1 10 12 25 38 42 57 60 65 97 
12 25 27 33 35 36 86 
12 25 
25 47 57 65 71 99 
25 35 44 71 77 
6 14 28 38 65 66 74 86 
6 17 34 65 89 
6 22 36 65 
6 14 41 44 
34 
6 17 22 36 65 
25 35 38 44 48 71 77 
8 12 29 33 86 
25 35 38 44 48 71 77 
12 25 
25 35 38 44 48 71 77 
34 89 
6 65 74 86 
25 35 38 44 48 71 77 
6 41 44 
1 6 10 14 38 41 42 44 57 60 65 97 
6 17 22 36 44 65 
44 65 66 
34 89 
14 25 44 47 57 65 66 
6 12 17 22 25 36 
8 12 29 33 86 
89 
44 65 
6 14 28 74 86 
6 17 22 27 36 44 65 66 86 
34 36 86 
25 35 38 44 48 71 77 
8 12 29 33 86 
25 35 38 48 71 
8 12 29 33 86 
12 14 25 44 65 66 
6 14 41 44 
44 65 66 
1 10 38 42 57 60 65 97 
12 25 33 34 57 74 77 86 99 
6 17 22 65 
25 44 47 57 65 71 99 
6 12 14 25 41 44 
12 25 33 34 57 74 86 99 
6 22 36 44 65 66 
44 65 66 
44 65 66 
6 14 41 44 
6 14 65 74 
6 14 44 
6 12 14 25 41 44 
1 10 38 42 57 60 97 
8 12 86 
6 12 14 25 28 74 86 
12 29 33 86 
44 65 
6 17 22 36 65 
25 35 38 44 48 71 77 
22 36 65 
12 25 57 74 77 86 99 
25 34 35 36 38 44 48 71 77 86 
12 25 
1 10 42 57 60 65 97 
12 33 57 77 86 99 
44 
12 25 
14 44 65 66 
25 35 38 48 77 
6 14 41 44 
25 35 38 44 48 66 71 77 
25 35 38 44 48 71 77 
44 65 
25 44 47 57 65 71 99 
6 12 25 
6 41 
27 33 35 36 86 
1 10 34 38 42 57 60 65 89 97 
12 34 36 86 
6 14 28 36 74 86 
27 33 35 36 86 
14 44 47 66 99 
25 35 38 44 48 71 77 
6 22 36 65 
6 17 22 36 65 
12 25 
8 12 29 33 86 
25 44 47 57 65 71 99 
6 14 41 44 65 66 
12 25 
6 12 14 25 28 38 41 57 74 86 
6 17 22 36 65 
25 44 47 99 
12 14 44 65 66 
25 35 38 44 48 77 
14 44 65 66 
6 65 74 77 86 
25 35 38 44 48 71 77 
44 65 66 
44 65 66 
12 27 33 35 36 44 65 66 86 
6 17 22 36 65 
38 65 
12 25 33 34 57 74 77 86 99 
14 25 35 38 44 48 65 66 71 77 
6 14 41 44 
6 12 14 25 41 44 66 
12 34 38 65 74 
25 35 38 44 48 65 66 71 77 
25 44 47 57 65 71 99 
25 42 57 65 
25 35 38 44 48 65 71 77 
65 66 
1 10 38 42 57 60 97 
6 14 22 34 41 44 
6 25 35 38 44 71 77 
27 33 35 36 86 
34 38 89 
14 44 65 66 
25 35 38 44 48 71 77 
6 14 41 44 
12 25 44 47 57 65 71 99 
44 65 66 
34 89 
12 25 33 34 57 74 77 86 99 
12 36 
25 35 38 44 48 71 77 
27 33 35 86 
12 25 
25 33 34 57 74 77 99 
12 34 36 86 
6 14 28 74 86 
44 66 
33 35 36 86 
6 38 41 44 65 
38 65 
27 33 35 36 71 77 86 
6 12 14 28 38 41 74 86 
6 14 25 41 44 
6 12 14 25 34 41 44 89 
6 12 28 34 36 74 86 
6 12 14 25 
14 27 35 86 
12 44 47 57 65 71 99 
25 44 57 65 71 99 
6 14 28 38 41 44 74 86 
12 25 27 33 35 
6 12 17 22 36 65 
8 12 29 33 86 
6 14 41 44 
6 12 14 25 41 44 
35 44 48 71 77 
6 17 22 99 
12 27 33 34 36 44 86 
33 35 36 
6 14 28 48 71 74 86 
12 36 86 
44 65 66 
12 34 36 86 89 
1 10 38 42 57 60 65 97 
25 33 34 57 77 86 99 
6 41 44 65 
27 33 35 36 86 
12 25 33 34 57 74 77 86 99 
6 17 22 25 35 38 44 48 65 71 77 
12 25 27 33 35 36 86 
25 35 38 44 48 71 77 
14 28 74 86 
25 35 38 44 48 71 77 
6 17 22 36 65 
25 44 47 57 65 71 99 
34 89 
6 14 41 44 
44 65 66 
6 14 25 28 74 86 
6 17 22 34 57 65 77 86 
6 14 34 44 89 
33 35 86 
6 14 41 44 
12 25 
12 25 
25 47 57 65 71 99 
6 17 22 36 65 
25 35 38 44 71 
12 25 
25 35 38 44 48 71 77 
14 44 65 66 
6 14 28 74 86 89 
38 44 65 66 
6 17 22 36 65 
34 44 65 66 89 
25 38 44 48 
41 44 
25 44 57 65 71 99 
25 57 65 71 99 
6 14 22 25 28 35 38 44 48 71 74 77 86 
27 33 36 86 
25 35 38 44 
44 65 66 
44 65 66 
25 
1 10 38 42 57 60 65 97 
12 25 34 89 
12 25 33 34 74 77 86 99 
71 77 
14 44 65 66 
25 35 38 44 48 71 77 
12 25 34 35 38 44 48 71 86 89 
14 27 33 35 36 44 66 86 
25 35 38 44 48 65 66 71 77 
8 12 14 29 33 44 65 66 86 
6 12 14 25 27 35 41 44 
25 33 74 77 86 99 
6 14 41 44 
6 28 74 86 
12 17 22 25 36 65 
25 35 38 44 48 71 77 
6 14 28 74 86 
14 44 65 66 
8 12 29 86 
25 35 38 44 71 77 
1 10 38 42 57 60 65 97 
25 35 71 77 
47 65 71 
6 12 14 25 35 41 44 
12 89 
8 12 29 33 86 
6 14 28 38 41 74 86 
65 
6 17 22 36 65 
6 17 22 65 
6 14 28 74 86 
8 12 25 29 33 34 89 
6 14 41 44 47 57 65 71 99 
12 25 
6 17 22 36 65 
12 25 33 57 74 77 86 
34 89 
6 14 25 35 38 44 71 77 
25 35 38 44 48 71 77 
12 34 89 
44 65 66 
6 12 14 74 86 
25 35 38 44 48 
14 28 74 86 
12 33 34 57 74 77 86 
6 25 44 47 57 65 71 77 86 99 
6 14 25 28 38 44 48 71 74 77 86 
6 14 41 44 
25 44 47 57 65 71 99 
27 33 35 36 86 
6 14 41 44 
6 41 44 65 66 
6 12 17 22 25 65 
34 44 65 66 89 
44 65 71 
22 25 35 36 38 44 48 65 71 77 
8 12 33 86 
12 33 57 74 77 86 
6 14 41 44 
8 12 29 33 86 
14 44 65 66 
25 35 38 44 48 71 77 
12 86 
25 35 38 44 48 71 77 
12 25 33 74 77 86 99 
27 33 35 36 86 
34 89 
22 27 33 35 36 65 86 
12 34 36 86 
6 17 22 36 65 
8 12 29 33 86 
25 35 38 44 48 71 77 
6 12 14 25 41 44 
6 8 12 14 29 33 41 44 86 
6 12 14 28 34 36 44 65 66 74 86 
6 14 27 33 35 36 44 86 
6 14 41 
44 65 66 
8 12 29 33 44 65 66 86 
28 74 86 
38 65 
12 25 
14 41 44 
27 33 35 36 86 
6 65 74 77 86 
12 25 
25 44 47 57 71 99 
44 65 66 
6 14 41 44 
25 35 38 44 48 77 
6 22 89 
8 12 29 33 34 86 
6 12 14 17 22 44 65 
6 17 22 36 65 
12 14 34 36 41 86 
6 12 17 22 34 36 86 
14 44 65 66 
25 35 38 44 48 71 77 
17 22 36 
65 74 77 86 
35 38 44 71 77 
25 35 38 44 48 66 71 77 
25 57 86 99 
6 17 22 36 65 66 
25 34 86 
6 14 41 44 
12 25 33 34 74 77 86 99 
25 44 47 57 65 71 99 
14 17 36 44 65 66 
25 44 47 57 65 71 99 
44 47 65 71 99 
25 33 34 57 74 77 86 99 
6 25 36 44 47 57 65 71 99 
6 14 41 44 
12 34 36 86 
6 14 44 
8 12 29 33 86 
6 17 36 65 
25 35 38 44 48 71 77 
25 38 44 48 71 77 
6 14 41 44 89 
6 17 36 
27 33 35 36 86 
6 12 14 29 33 41 44 
6 17 22 36 
25 
44 57 65 99 
25 44 57 71 99 
1 10 38 42 57 60 65 97 
14 44 65 
12 25 
12 25 33 34 57 74 86 99 
6 14 28 
1 10 38 42 60 65 97 
12 25 
34 36 86 
25 35 38 44 48 71 77 
6 17 22 36 65 
6 17 22 36 65 
8 12 29 33 86 
6 14 41 44 
34 89 
12 14 25 41 44 
12 25 
12 25 33 34 57 74 77 86 99 
14 17 22 36 44 65 66 
65 74 77 86 
12 34 36 89 
25 35 38 44 48 71 77 
25 35 38 44 48 71 77 
25 35 38 44 48 71 77 
6 14 41 44 
25 35 38 44 48 71 77 
12 25 35 38 44 48 71 77 
6 22 25 38 44 48 65 71 77 
1 38 42 57 60 65 97 
12 25 34 89 
6 14 41 44 
6 14 41 44 
25 44 47 57 65 71 89 99 
38 65 
1 10 38 42 57 60 65 97 
25 35 38 44 48 71 77 
6 74 77 86 
6 17 22 36 44 65 66 
25 35 38 44 48 71 
34 89 
6 17 22 36 65 
6 14 41 44 
6 17 22 36 65 
8 12 33 86 
14 44 65 66 
12 25 57 
6 22 36 65 
6 14 44 
14 44 65 
14 65 
6 17 22 41 65 
25 71 77 
12 14 25 65 66 
12 25 44 65 66 
6 14 28 74 86 
38 
25 35 38 44 48 65 66 71 77 
12 25 
8 29 33 86 
27 33 34 35 36 38 65 86 89 
6 17 22 36 65 
8 12 29 33 86 
12 14 25 44 65 66 
12 25 33 57 74 86 
35 44 48 71 77 
44 65 66 
34 65 66 89 
27 33 35 86 
6 22 65 74 86 
6 17 22 36 65 
14 44 65 66 
6 14 41 44 
14 33 36 41 44 
6 17 22 65 
12 25 
6 22 34 36 44 65 66 89 
25 35 38 44 48 71 77 
6 41 44 
6 17 22 36 65 
6 17 22 36 65 
6 65 74 86 
57 65 71 99 
6 17 65 
25 35 38 44 48 71 77 
25 35 38 44 48 65 71 77 
6 14 41 44 
12 25 
12 25 
25 35 38 44 48 71 77 
25 35 38 44 48 71 77 
34 89 
6 14 28 86 
25 35 48 71 77 
6 17 65 
6 28 
6 14 41 44 
6 14 28 38 41 74 86 
12 25 44 65 66 
12 29 34 36 86 
12 25 33 34 57 86 
8 12 29 33 86 
6 14 44 
25 33 34 57 74 77 99 
44 65 66 
6 14 17 44 66 
6 17 22 36 65 
1 10 38 42 57 65 97 
12 17 34 36 44 65 66 89 
6 65 74 77 86 
12 25 44 
89 
35 38 44 48 71 
6 14 22 41 44 
6 14 41 44 
6 25 35 38 44 48 66 71 77 
25 35 38 44 48 77 
25 44 47 57 65 71 99 
6 14 28 38 41 74 86 
6 17 22 36 65 
1 10 38 42 57 60 65 97 
6 17 22 25 71 77 
6 14 41 44 
8 12 25 29 33 35 38 44 48 71 77 86 
8 12 29 33 86 
12 25 38 
6 14 17 22 25 36 41 44 65 66 
6 89 
25 35 38 44 48 71 77 
12 25 33 34 44 65 66 74 86 99 
6 17 22 36 65 
14 25 44 47 57 65 66 71 99 
25 35 38 44 48 71 77 
6 14 41 44 
12 25 
6 14 28 44 65 74 86 
6 14 41 44 
44 65 66 
25 38 71 77 
12 34 44 65 66 
6 14 36 44 65 
27 33 86 
25 35 44 48 71 77 
8 12 25 29 33 86 
6 17 22 36 65 
14 28 74 86 
44 65 66 
22 36 65 
6 14 25 35 41 71 
25 35 38 44 48 71 77 
12 25 33 57 74 77 86 99 
25 35 38 44 48 71 77 
14 28 86 
25 35 38 48 71 
65 66 
8 29 33 
12 25 34 89 
12 25 65 
34 44 65 66 89 
6 17 22 36 65 
6 14 41 44 
6 14 28 74 86 
8 86 
6 
17 22 25 35 36 38 44 48 65 71 77 
6 17 22 36 65 
25 35 38 44 48 71 77 
25 44 47 57 65 71 99 
65 66 
12 34 36 
6 12 34 36 44 86 
25 34 35 38 44 48 71 77 86 
6 14 25 41 44 71 77 
6 14 28 74 86 
6 22 36 65 
12 25 29 33 35 38 44 48 66 71 77 86 
25 34 44 57 99 
44 65 66 
6 12 14 25 41 44 47 57 71 
6 14 25 28 35 38 44 48 71 74 77 86 
6 74 77 
38 65 
6 14 41 44 
6 14 28 44 65 66 74 86 
25 35 38 44 48 71 77 
6 17 22 36 65 
6 14 27 33 35 36 41 44 86 
6 12 14 25 41 44 
6 17 22 36 65 
35 38 44 48 71 77 
6 14 25 41 44 71 77 
14 41 44 
8 12 29 33 86 
25 35 38 44 48 71 77 
6 17 22 36 65 
6 65 74 77 86 
14 44 65 66 
34 89 
25 44 65 71 
25 44 47 57 65 71 99 
1 10 25 38 42 57 60 65 71 77 97 
25 35 38 44 48 71 77 
12 25 44 48 57 65 71 77 99 
12 25 34 86 
33 35 36 86 
6 14 27 33 35 36 44 86 
12 34 86 
14 41 44 
25 35 38 44 48 71 77 
1 10 38 42 57 60 65 97 
6 14 41 44 
25 34 44 65 66 89 
6 14 41 44 
6 14 28 74 86 
6 14 41 44 
6 41 44 
12 33 57 74 77 86 99 
6 14 28 74 86 
25 35 38 44 48 71 77 
34 74 77 
25 44 47 57 65 71 
1 10 38 42 57 60 65 97 
1 10 38 42 57 60 65 97 
1 10 38 42 57 60 65 97 
71 77 
65 
6 14 28 74 86 
25 35 38 44 48 71 77 
8 12 29 33 34 36 86 
25 71 77 
8 12 29 33 86 
14 44 66 
6 17 22 25 35 36 38 44 48 65 71 77 
44 65 66 
12 17 22 25 29 34 36 65 89 
8 12 29 33 86 
6 14 34 41 44 89 
14 44 65 66 
27 33 35 86 
6 17 22 36 44 65 
12 25 34 57 74 77 86 99 
44 65 
6 14 28 74 86 
12 25 44 65 66 
12 25 33 34 57 74 77 86 99 
12 25 
6 8 12 29 33 65 74 77 86 
44 65 66 
34 44 65 
12 34 44 65 66 89 
27 35 36 86 
14 44 66 
25 44 47 57 65 71 99 
14 44 65 66 
27 35 36 86 
6 14 41 44 65 66 
25 34 89 
6 14 41 44 
12 25 27 33 36 
6 14 28 38 41 74 86 
8 12 25 38 65 86 
12 25 
6 12 17 22 25 36 65 
25 35 38 44 48 71 77 
12 25 34 36 86 
14 44 65 66 
6 14 41 44 
6 14 41 44 
25 35 44 48 71 77 
44 65 66 89 
25 35 38 44 48 71 77 
6 14 41 44 
14 44 65 66 
6 17 22 36 65 
25 35 38 44 71 77 
25 35 38 44 48 71 77 
6 14 44 
6 14 41 44 
14 44 66 
6 17 22 36 65 
12 25 27 33 34 36 57 74 77 86 99 
6 14 41 44 
33 34 44 57 65 86 99 
6 14 44 
27 33 35 36 86 
6 12 17 22 25 36 65 
8 12 25 33 71 77 86 
14 
44 65 66 
14 28 74 86 
34 89 
25 35 38 44 48 71 77 89 
6 17 22 34 36 65 89 
6 8 12 14 29 33 41 44 86 
8 12 29 33 86 
6 14 28 74 
25 35 38 44 48 71 77 
6 17 22 36 65 
6 17 22 36 65 
14 44 
17 22 36 65 
6 14 71 86 
6 14 41 44 65 
25 34 47 57 89 99 
17 22 29 36 65 86 
44 65 66 
1 10 38 42 57 60 65 97 
28 38 74 86 
6 14 41 44 
6 14 28 74 86 
27 35 36 86 
25 35 38 44 48 71 77 
6 17 22 36 
12 25 33 57 74 77 86 99 
12 25 44 65 66 
25 35 38 44 48 71 77 
25 44 65 66 
25 44 47 57 65 71 99 
6 17 22 36 65 
8 12 25 29 86 
44 65 66 
6 14 41 
12 14 25 38 44 65 66 
25 35 38 44 48 71 77 
27 33 35 36 65 86 
6 41 44 
38 65 89 
12 14 25 36 44 65 66 
6 14 44 65 
8 12 29 33 
27 33 35 36 86 89 
8 12 29 33 86 
6 14 28 74 86 
25 35 38 44 48 71 77 
25 44 57 65 71 99 
6 34 44 89 
44 65 66 
12 25 35 38 44 48 65 66 71 77 
6 14 28 86 
44 65 66 
1 10 38 42 57 60 97 
6 22 36 65 74 77 
6 14 28 74 86 
6 14 41 44 
25 35 38 44 48 71 77 
12 25 33 57 74 
34 44 57 71 89 
25 35 38 48 71 77 
6 17 22 36 
38 44 48 71 77 
25 44 47 57 65 71 99 
6 17 22 
6 17 22 36 65 
8 12 25 29 33 71 77 86 
12 25 
41 
12 25 44 65 66 74 77 86 
44 
25 35 38 44 48 71 77 
6 14 25 38 41 44 
6 14 38 41 74 86 
25 35 44 48 71 77 
6 12 17 22 25 36 65 
27 33 35 36 86 
6 14 41 44 
8 12 29 33 
34 89 
44 65 
25 35 44 48 71 77 
44 65 
14 25 35 38 44 48 66 71 77 
6 12 25 41 44 65 66 
6 22 36 65 
12 25 
34 89 
6 14 41 44 
6 14 28 74 86 
6 17 22 36 65 
8 12 29 33 86 
6 17 36 65 
14 44 66 
25 35 38 44 48 71 77 
12 25 33 34 57 74 77 86 99 
25 35 44 48 71 77 
6 17 22 65 
38 44 65 
6 22 25 36 44 57 65 71 74 99 
12 25 33 34 57 74 77 86 99 
14 44 65 
17 22 36 65 
6 17 22 36 44 65 
6 17 22 36 65 
12 25 33 34 57 74 77 86 99 
6 14 17 22 36 41 65 
6 17 22 36 65 
6 17 22 36 65 
6 17 22 36 65 
6 17 22 36 65 
27 35 36 86 
25 44 65 66 
25 
6 12 25 29 41 65 74 77 86 
6 14 25 44 47 57 65 71 74 99 
6 14 28 74 86 
6 17 22 65 
6 36 
6 12 17 22 25 36 65 
14 44 65 66 
6 17 22 36 
14 41 44 71 
1 6 10 14 41 42 44 57 60 65 97 
34 89 
6 14 74 
12 25 33 34 74 77 86 99 
1 10 38 42 57 65 
6 14 25 33 34 41 44 57 65 74 77 99 
6 14 41 44 
34 89 
35 44 71 77 
6 14 
6 41 44 66 
6 65 74 77 86 
6 14 17 22 36 41 44 65 
12 22 25 34 89 
25 35 38 44 48 71 77 
25 38 44 48 71 77 
8 12 25 29 33 38 65 86 
6 14 41 44 
12 14 65 66 
41 
25 35 38 44 48 71 77 
14 41 44 
14 34 44 65 66 
6 12 14 34 36 41 44 
6 14 41 44 
41 44 
6 14 44 
6 14 41 44 
25 35 38 44 48 71 77 
89 
38 65 66 
12 25 
8 12 29 33 86 
6 22 36 65 
6 12 25 65 74 77 86 
33 36 86 
8 12 86 
6 12 17 22 25 36 65 
12 25 
12 25 33 74 77 86 
8 12 29 33 86 
25 33 34 57 74 77 86 99 
6 14 28 86 
12 34 57 74 86 99 
17 22 34 65 89 
6 17 22 36 65 
6 17 22 36 65 
6 12 17 22 25 33 44 65 
6 14 28 74 86 
6 14 41 44 65 66 
6 14 27 33 35 36 44 86 
12 17 25 33 34 36 57 74 77 86 99 
25 44 48 71 77 
8 12 29 33 86 
6 14 28 38 74 86 
6 17 22 36 65 
33 
6 33 35 36 41 44 86 
14 44 65 66 
12 34 36 86 
25 44 47 57 65 71 99 
12 25 33 34 57 74 77 86 99 
6 22 36 65 
25 71 77 
6 17 22 36 65 
6 14 44 
25 
6 12 17 22 25 36 65 
1 38 42 57 60 65 97 
6 12 17 22 
25 38 44 65 77 99 
25 35 38 44 48 71 77 
6 14 25 41 44 65 66 
8 12 29 33 86 
27 33 35 36 86 
25 35 38 44 48 71 77 
6 17 22 36 65 
1 10 42 57 60 65 97 
25 38 44 48 71 77 
27 33 35 36 86 
33 34 74 77 89 99 
1 10 38 42 57 60 65 97 
65 66 
25 35 44 48 71 77 
34 44 65 66 
12 25 35 38 71 77 
44 65 66 
12 25 
6 14 17 22 28 38 65 86 
6 14 41 44 77 
65 66 
6 14 41 44 
8 12 25 29 33 86 
25 71 77 
12 34 36 86 
44 65 66 
6 17 22 36 65 
25 35 38 44 57 65 71 99 
12 14 34 36 86 89 
35 36 86 
6 22 65 
44 65 66 
34 89 
6 17 36 65 
6 14 38 41 44 65 
6 12 17 22 25 36 
25 35 38 44 48 71 77 
38 
25 35 38 48 
8 12 33 86 
1 38 42 60 65 97 
6 14 41 44 
14 65 66 
35 38 44 48 71 77 
35 38 44 48 71 77 
6 14 44 
12 34 36 44 65 66 86 
25 35 38 44 48 71 77 
25 35 38 44 48 71 77 
25 71 
6 12 14 25 41 44 
25 34 35 44 48 66 71 77 
12 34 36 86 
6 17 22 36 65 
6 12 14 25 44 
8 12 29 33 86 
27 33 35 36 
6 12 25 41 44 
44 65 66 
14 44 65 66 
6 17 22 36 65 
25 47 57 65 71 
12 25 44 65 66 
38 65 
27 33 35 36 86 
38 65 
6 17 22 36 65 
12 25 
1 10 38 42 57 60 65 97 
44 71 99 
6 17 22 36 65 
25 35 38 44 48 71 77 
1 10 38 42 57 60 97 
6 17 22 36 65 
25 35 38 44 48 71 77 
6 17 22 65 
25 44 47 57 65 71 99 
6 14 27 33 35 41 44 86 
1 38 42 57 60 65 
6 14 22 28 36 38 41 65 74 86 
6 14 41 44 66 
6 17 22 36 
6 14 41 44 
6 14 41 44 
25 35 38 48 71 77 
38 65 
35 38 44 48 71 77 
12 25 33 34 57 74 77 86 99 
6 14 28 74 86 
14 38 41 65 74 86 
12 25 38 65 66 
14 44 65 
25 35 38 44 48 71 77 
25 27 33 35 36 86 
25 35 38 44 48 71 77 
6 14 41 44 
6 17 22 36 44 65 66 
6 14 44 66 
6 17 22 36 65 
6 17 22 36 65 
6 14 41 44 
8 12 29 33 86 
17 22 36 
6 17 22 36 65 
8 29 33 
12 34 36 86 
25 35 38 44 48 71 77 
6 12 14 25 41 44 
6 14 28 74 86 
6 17 22 36 65 
12 25 44 65 66 
12 25 
8 12 14 29 33 41 44 65 66 86 
12 29 33 86 
22 65 
1 38 57 60 65 
1 10 38 42 57 60 65 97 
44 65 
1 6 10 14 22 38 42 44 57 65 66 97 
6 14 44 
6 14 41 44 
6 17 22 36 65 
25 35 38 44 48 71 77 
6 14 41 44 
12 25 89 
6 14 41 44 
6 41 44 
34 89 
8 12 33 86 
6 36 38 65 
12 25 34 89 
6 14 41 
25 44 57 99 
12 25 57 
14 66 
14 41 44 
12 14 25 44 
44 65 66 
6 17 22 36 65 
8 12 14 29 44 86 
14 25 35 38 44 48 65 66 71 77 
35 36 86 
12 25 33 34 57 74 77 86 99 
6 14 41 44 
22 27 33 36 65 86 
33 35 36 86 
44 65 66 
6 14 41 44 
6 14 41 44 
12 
12 34 86 
12 25 33 34 57 74 77 86 99 
6 14 41 44 
34 89 
12 25 
6 17 22 36 41 44 65 
12 25 
6 17 22 36 
27 33 35 36 86 
12 17 22 25 38 65 
12 89 
6 12 17 22 25 36 65 
1 10 38 42 57 60 65 97 
6 17 22 25 34 35 44 48 65 71 77 89 
25 35 38 44 48 77 
6 14 28 38 41 74 
6 14 41 44 
6 14 34 41 89 
8 12 29 33 86 
1 6 10 14 38 41 42 57 60 65 97 
25 35 38 44 48 71 77 
12 25 
6 14 28 74 
12 25 29 34 86 
44 65 66 
8 12 29 33 34 89 
34 89 
44 65 66 
25 35 38 44 48 71 77 
6 14 41 44 
6 44 66 
14 41 
44 65 
25 35 38 44 48 71 77 
12 25 33 74 77 86 99 
6 17 36 65 
25 35 38 44 48 65 66 71 77 
6 12 14 25 41 
6 14 41 44 
17 22 25 44 47 57 65 71 
25 35 38 44 48 71 77 
27 33 35 36 86 
6 12 25 65 74 86 
12 25 33 34 57 77 86 99 
6 14 41 44 
6 14 
6 17 22 36 65 
1 10 14 34 38 44 57 60 65 66 89 
14 44 65 
25 44 47 65 71 99 
25 35 48 71 77 
12 29 33 
14 41 44 
6 14 36 86 
6 14 41 44 
25 33 57 74 77 86 99 
25 35 38 44 48 71 77 
27 33 36 86 
6 14 41 44 
44 65 66 89 
25 44 47 57 65 71 99 
27 33 36 86 
14 27 33 35 36 44 65 66 86 
6 17 22 65 
25 35 38 44 48 71 77 
44 65 66 
6 14 41 44 65 66 
12 25 44 66 
14 41 44 65 66 
44 65 66 
25 57 65 99 
6 17 22 25 36 65 
47 57 65 71 
6 17 22 36 65 
6 28 33 34 35 36 74 86 89 
6 17 22 65 
12 25 33 34 57 86 99 
12 25 34 36 86 
6 12 14 41 44 
6 41 44 
25 44 47 57 65 71 99 
6 17 22 36 38 65 
12 25 35 38 44 48 71 77 
1 10 38 42 57 60 65 97 
8 12 29 33 65 66 86 
6 12 17 22 25 65 
6 12 25 33 34 57 65 74 77 86 99 
6 17 22 36 44 65 
14 41 44 
6 17 22 65 66 74 77 86 
12 25 34 57 86 99 
44 65 66 
25 35 38 44 48 65 66 71 77 89 
6 14 41 44 
25 35 38 44 48 71 77 
6 14 22 28 65 74 77 86 
38 44 65 66 
25 44 47 57 65 71 99 
27 33 35 86 
14 28 74 86 
6 65 74 77 86 
6 17 22 36 65 
6 17 22 34 36 65 89 
6 12 14 25 28 34 36 86 89 
6 22 74 86 
25 35 38 44 48 71 77 
14 44 65 
6 14 28 74 86 
34 89 
6 22 36 65 
47 71 
57 99 
6 14 41 44 
6 12 22 25 65 
44 65 66 
65 
25 65 66 99 
25 35 38 48 71 77 
36 
12 25 33 57 74 77 86 
6 17 22 36 47 65 71 
6 36 
1 42 57 60 65 
25 35 38 44 48 71 77 
6 17 22 36 44 65 
14 41 44 
12 25 
6 17 22 36 65 
12 17 25 
1 6 14 38 41 42 44 57 60 65 97 
44 65 66 
6 14 41 44 
34 38 89 
27 33 35 36 86 
12 86 
17 22 36 65 
8 12 25 29 33 38 71 86 
25 33 34 57 65 77 86 
17 22 65 
14 44 65 66 
14 28 38 41 74 86 
6 17 22 65 
44 66 
25 33 35 36 57 65 86 99 
25 38 44 77 
6 14 41 44 
12 34 36 44 65 86 
33 35 36 86 
25 35 44 48 71 77 
6 17 22 36 65 
44 65 
6 41 44 
6 14 41 44 
6 17 22 36 65 
25 35 38 71 77 
6 14 41 44 
12 34 36 86 89 
44 47 57 65 
1 10 38 42 57 60 65 97 
6 14 41 44 
12 25 33 34 57 74 77 86 
25 44 57 65 71 99 
6 17 22 36 65 
12 25 34 35 36 38 44 48 71 77 
12 25 33 34 57 74 77 99 
6 38 41 86 
14 28 38 41 
35 36 38 65 86 
12 14 25 44 65 66 
6 17 22 36 65 
12 25 
12 34 36 86 
6 34 38 44 66 
1 10 12 34 36 38 42 57 60 65 86 
14 65 66 
14 41 44 
6 65 74 77 86 
6 17 36 65 
6 14 41 65 74 
6 8 12 14 33 41 86 
14 44 66 
25 33 34 57 65 74 77 86 99 
6 14 22 25 41 65 
12 25 74 77 
12 25 33 34 57 74 77 99 
14 44 65 66 
12 29 33 86 
8 12 29 33 86 
8 29 33 86 
6 12 14 25 41 44 
6 12 25 65 
17 36 
8 12 29 33 86 
8 12 33 86 
1 10 38 42 57 60 65 97 
25 35 38 44 48 71 77 
6 17 22 36 
1 10 38 42 57 60 65 97 
38 
25 35 38 44 48 71 77 
27 33 35 36 44 66 86 
1 10 12 25 38 42 57 60 65 97 
1 10 38 42 60 65 97 
14 34 44 65 66 89 
12 25 65 71 
25 35 38 44 48 71 77 
17 
6 17 22 65 
6 17 22 34 36 86 
27 33 35 36 86 
6 14 41 44 
6 12 25 41 
12 25 
6 17 22 36 65 
34 36 74 86 
6 14 41 44 
65 86 
8 12 29 33 86 
6 14 41 44 
6 14 41 44 
44 65 66 
14 65 
6 44 
6 12 14 25 28 74 86 
34 89 
8 12 29 33 86 
34 89 
14 65 66 
44 65 66 
6 14 17 36 38 41 44 65 
25 38 44 48 65 66 71 77 
6 14 41 44 
6 8 12 17 22 29 36 65 86 
6 14 28 38 41 74 86 
25 44 47 57 65 71 99 
12 25 33 34 57 77 86 99 
1 38 42 60 65 97 
14 44 65 66 
25 38 44 48 71 77 
12 17 25 34 36 65 
34 86 
12 25 33 34 57 74 77 99 
6 14 41 44 
6 17 22 36 65 
12 29 44 65 66 86 
25 44 47 57 65 71 99 
34 44 65 66 89 
6 14 44 65 66 
33 44 66 86 
6 14 27 33 35 36 41 86 
25 38 44 48 71 77 
6 14 41 44 
25 44 47 57 65 71 99 
6 14 28 38 41 74 86 
6 12 14 25 38 65 74 
6 12 17 22 25 36 65 
14 41 44 
44 
1 10 38 42 57 60 65 97 
6 14 25 44 
14 65 66 
14 27 35 36 44 65 66 71 
6 14 25 28 35 38 44 48 71 74 77 86 
6 14 41 44 
12 25 
6 14 41 44 
14 41 44 
25 35 38 44 48 71 77 
6 22 65 
17 22 34 36 57 89 
25 35 38 44 48 71 77 
14 44 65 
6 65 74 
14 44 65 66 
25 35 38 44 48 65 71 74 77 
25 35 38 44 48 71 77 
6 12 14 25 44 65 66 
12 25 
17 22 
12 34 36 86 
27 35 36 86 
34 41 44 65 89 
17 22 36 65 
34 89 
14 44 65 66 
12 25 
12 34 86 
12 25 
6 14 41 44 
6 12 14 25 41 44 86 
8 29 33 86 
1 10 38 42 57 60 65 97 
6 14 28 74 86 
12 25 
25 44 47 57 65 71 
6 22 27 33 36 41 65 86 
35 44 48 66 71 77 
6 17 22 36 65 
12 25 33 34 57 77 86 99 
8 12 29 33 86 
27 33 35 36 86 
1 10 38 57 97 
25 47 57 65 71 99 
44 65 66 
6 12 14 25 28 36 74 86 
25 44 47 57 71 99 
34 89 
14 44 65 66 
6 14 44 65 66 
14 65 66 
12 14 25 44 65 66 
6 14 44 
6 14 44 
12 25 36 
12 25 34 35 38 48 71 77 
14 41 44 
6 14 44 
8 12 14 29 44 86 
6 17 38 65 
14 65 66 
12 25 
44 65 66 
17 22 65 
12 17 22 25 29 33 36 65 
14 41 44 
38 
6 17 22 36 65 
12 25 
25 35 38 44 48 71 77 
8 12 29 33 86 
25 35 44 48 71 77 
6 22 65 
25 35 38 44 48 77 
12 25 
12 25 
6 17 22 36 65 
6 14 25 35 38 41 44 48 71 77 
6 17 22 36 65 
12 22 25 
8 12 29 33 86 
44 65 66 74 86 
12 34 36 86 
33 34 57 74 77 99 
25 35 38 44 48 71 77 
12 25 27 35 41 86 
17 22 25 36 65 
25 44 47 57 65 71 
25 35 48 77 
6 12 14 17 22 25 36 41 44 65 
6 22 65 
34 89 
38 44 48 77 
12 25 44 65 66 
25 33 34 57 74 77 86 99 
6 12 14 25 41 44 
44 65 66 
44 65 66 
6 17 22 36 65 
44 
14 44 65 
25 35 38 44 48 71 77 
36 65 
6 17 22 65 
14 44 65 66 
10 35 38 42 57 60 65 86 97 
6 14 28 74 86 
8 12 29 33 36 86 
12 25 36 65 
8 14 29 44 65 66 86 
6 14 44 65 66 
6 17 22 65 
6 34 65 74 77 86 99 
8 12 29 33 
12 34 36 86 
25 35 38 44 48 71 77 
38 65 
25 44 47 57 65 71 99 
34 44 66 89 
25 35 38 44 48 71 77 
6 14 41 44 
6 14 41 44 
8 12 14 25 29 33 41 44 
44 65 66 
25 38 44 48 77 
12 34 86 
12 25 33 34 57 74 77 86 99 
8 29 34 57 74 86 89 
6 14 28 38 41 74 86 
6 14 41 44 
25 71 77 
6 14 41 44 
8 12 25 29 33 38 44 48 71 77 86 
6 14 28 74 86 
8 12 29 33 
6 14 41 44 
6 17 22 36 65 
35 36 86 
6 14 28 74 86 
6 17 22 36 65 
25 71 77 
17 22 36 
6 17 22 36 65 
1 10 38 41 42 57 60 65 97 
25 44 48 71 77 
6 12 17 22 25 36 65 
35 38 44 48 71 
6 14 41 44 
6 12 17 22 34 36 
6 28 38 41 44 65 66 74 86 
6 17 
6 28 74 86 
25 35 38 71 77 
12 25 33 34 57 74 77 86 99 
27 35 
14 41 44 65 66 
6 14 41 44 
6 27 36 44 86 
6 22 36 65 
14 44 66 
6 22 44 65 66 
12 25 
25 35 38 44 48 71 77 
25 35 38 44 48 71 77 
6 14 28 41 44 74 
25 38 44 48 71 77 
38 65 
8 29 33 86 
1 10 38 42 57 60 97 
25 35 38 44 48 71 77 
25 35 38 44 48 71 77 
8 12 25 29 33 86 
14 44 65 66 
14 27 33 35 36 44 65 86 
25 27 33 34 35 36 74 77 86 99 
27 33 35 36 86 
12 25 
44 66 
38 65 
6 14 41 44 
12 25 44 65 66 
14 44 65 
34 89 
12 33 34 57 86 
25 44 57 65 71 99 
34 89 
6 17 22 34 36 65 89 
6 17 22 36 65 
27 33 35 36 86 
27 33 35 36 86 
12 34 36 86 
17 36 44 65 66 
34 89 
25 44 47 57 65 71 99 
1 10 12 25 35 36 38 42 44 48 57 60 65 71 77 97 
6 14 
12 
6 14 28 34 36 41 65 74 86 89 
44 47 57 65 71 99 
6 14 41 44 
12 34 36 86 
8 12 29 33 86 
6 17 22 36 65 
6 14 41 44 
6 65 74 77 86 
6 17 22 65 
6 17 22 36 65 
44 65 66 
12 33 34 74 77 
8 12 29 33 86 
14 41 44 
1 10 38 42 60 65 97 
14 65 66 
27 33 35 36 44 65 66 89 
25 34 35 36 38 44 48 71 77 
6 14 25 35 38 41 44 48 71 
12 25 33 74 77 99 
6 12 14 25 28 74 86 
12 34 36 86 
12 25 
6 8 12 14 28 29 33 74 86 
17 22 36 65 
25 35 38 44 48 71 77 
1 10 38 42 57 60 65 97 
6 17 22 36 65 
27 33 35 36 86 
6 14 41 44 
6 14 28 38 41 74 86 
12 25 44 65 66 
14 28 74 86 
6 65 77 86 
6 17 28 36 38 44 65 66 86 
25 35 48 71 77 
8 12 29 33 86 
25 44 47 57 99 
8 12 14 29 33 44 65 86 
14 44 65 66 
25 35 38 44 48 71 77 
25 35 38 44 48 71 77 
6 41 
6 41 44 
25 
66 
6 14 41 44 
6 14 41 44 
6 17 22 36 65 
6 14 74 86 
25 35 38 44 48 71 77 
17 36 65 
8 12 29 33 86 
6 14 41 44 
12 25 
6 14 28 74 86 
44 65 66 
8 33 86 
8 12 29 33 34 86 89 
6 12 14 17 22 25 36 65 86 
6 22 36 65 
12 25 44 65 
27 33 35 36 86 
25 71 77 
25 35 38 44 48 71 77 
6 
12 17 25 65 
6 14 41 44 
6 14 41 44 
6 65 74 77 
12 25 33 34 57 74 77 
8 12 25 29 33 44 86 99 
12 25 33 34 57 74 77 99 
6 14 28 38 41 74 86 
25 34 35 38 44 48 71 77 89 
12 25 33 34 57 74 77 99 
12 29 33 86 
12 25 33 34 44 57 77 
25 35 38 44 48 77 
8 12 29 33 
6 74 86 
12 29 33 
34 36 86 
12 25 35 38 44 48 71 77 
25 35 38 44 48 71 77 
25 35 44 48 71 77 
6 36 65 
25 35 38 44 48 71 77 
8 12 29 33 34 36 86 
6 14 41 44 
74 77 
25 35 38 44 48 71 77 
25 35 38 44 48 71 
12 34 36 86 
25 35 38 44 48 71 77 
25 38 44 48 71 77 
12 25 34 57 74 77 86 99 
44 65 66 
6 14 41 44 
25 44 47 65 99 
14 44 65 66 
27 33 35 36 86 
8 12 29 33 
6 17 22 36 65 
25 35 38 44 48 77 
6 14 28 34 38 41 74 86 
6 14 41 44 
14 38 44 65 66 
6 14 41 
1 12 25 38 42 57 60 97 
12 25 71 
17 22 36 
12 25 
6 17 22 36 65 
6 14 41 44 
12 22 34 86 
6 14 28 74 86 
1 10 38 42 57 60 65 97 
44 65 66 
27 33 35 36 86 
35 38 48 71 77 
6 14 41 44 
44 65 66 
44 77 
25 35 38 44 71 77 
25 35 38 44 47 48 57 65 71 77 99 
12 25 33 34 57 74 77 86 99 
25 35 44 48 77 
6 14 74 86 
25 44 47 57 65 71 99 
1 10 38 42 44 57 65 66 97 
25 71 77 
8 12 29 33 86 
41 44 
47 71 99 
6 17 22 36 
6 44 
12 25 34 74 86 
6 14 41 44 
12 34 36 86 
6 28 65 77 
27 33 35 36 44 65 66 86 
6 14 44 65 
25 44 47 57 65 71 99 
12 25 
12 25 34 89 
12 25 
44 65 66 
8 12 29 33 86 
6 12 14 41 44 74 77 86 
6 17 22 65 
17 36 86 
6 17 22 36 65 
12 14 25 33 34 44 57 74 77 86 99 
14 41 
25 44 48 71 77 
25 35 38 48 71 77 
44 65 66 
6 17 22 36 65 
38 65 
6 14 28 74 86 
6 14 27 33 35 36 44 86 
34 
6 14 25 35 38 41 44 48 71 77 
8 12 29 33 86 
6 8 17 22 33 36 65 86 
14 44 65 66 
12 25 
6 14 28 74 86 
6 12 14 41 44 
12 25 35 86 
8 12 29 33 86 
6 17 22 36 65 
44 66 
14 35 38 44 48 77 
12 34 36 86 
12 25 34 57 74 77 86 99 
6 17 22 38 65 74 86 
1 10 38 42 57 60 65 97 
6 14 41 44 
25 44 47 57 65 71 99 
6 27 33 35 36 65 66 77 86 
12 25 33 34 86 99 
27 35 36 86 
8 12 29 33 86 
12 25 
6 14 41 44 
12 25 
12 25 86 
25 44 47 65 71 99 
38 65 
6 25 35 38 41 44 48 71 77 
6 17 22 36 65 
25 35 38 44 48 71 77 
6 14 25 34 35 38 41 44 48 71 77 
14 44 
34 44 65 66 89 
6 14 41 44 
12 25 
6 17 22 36 65 
12 14 25 41 44 
17 22 36 65 
27 33 35 86 
6 14 41 44 65 66 
6 25 65 74 77 86 
12 25 35 38 44 48 71 77 
25 44 57 65 99 
12 25 34 57 74 77 86 99 
44 65 66 
27 33 35 36 86 
25 44 47 57 65 71 99 
33 86 
12 25 
14 44 65 66 
25 33 34 57 77 99 
8 12 29 33 86 
27 33 35 36 86 
34 44 65 89 
12 25 33 34 57 74 77 86 99 
6 44 65 66 74 86 
8 12 29 33 86 
6 14 41 44 
12 
12 25 33 34 57 74 77 86 99 
1 10 38 42 60 65 97 
8 12 29 33 86 
25 35 38 44 48 71 
25 35 38 48 71 
8 12 29 33 86 
6 14 22 41 44 65 
6 22 25 
12 44 65 
25 57 65 66 71 
44 65 66 
6 22 36 65 
38 65 
34 89 
8 12 25 29 33 86 
25 35 38 44 48 71 77 
44 66 89 
6 14 
25 35 44 48 65 71 77 
6 17 22 36 65 
6 17 22 36 44 65 66 
6 14 41 44 65 66 
12 25 
6 14 
6 14 41 44 
12 17 22 25 33 34 57 65 74 77 86 99 
12 25 71 77 
6 12 22 25 44 65 66 
12 25 33 34 57 74 77 86 99 
65 
44 47 57 65 99 
14 27 33 35 36 44 65 66 86 
6 14 41 44 
6 17 22 65 
6 44 65 
25 44 65 99 
25 35 38 44 48 71 77 
25 44 47 57 65 71 99 
25 34 35 38 44 48 71 77 
6 14 17 22 36 44 65 66 
12 25 33 34 57 74 86 99 
6 14 28 74 86 
44 66 
14 41 44 65 66 
8 12 25 29 44 48 71 77 86 
35 38 44 48 71 77 
12 25 33 34 57 74 77 86 99 
12 25 34 57 74 99 
14 41 44 
44 65 66 
8 12 14 28 29 33 74 86 
6 14 41 44 
14 41 44 
65 66 
14 41 44 
25 35 38 44 48 71 
25 35 38 44 48 77 
6 14 28 74 86 
6 22 36 
6 17 22 36 65 
25 35 38 44 48 71 77 
33 35 36 86 
6 14 41 44 
27 33 34 35 36 77 86 
34 89 
38 44 77 
6 36 
6 14 74 86 
6 17 22 36 65 
6 12 14 25 
25 38 48 71 77 
25 27 35 36 38 44 48 77 86 
12 25 27 35 36 
44 65 66 
27 33 35 36 65 86 
1 10 38 42 57 60 65 97 
14 25 35 38 44 48 65 71 77 
25 35 38 44 71 77 
8 29 33 86 
6 14 41 44 
1 10 38 42 57 60 65 97 
6 44 
6 14 25 35 38 44 48 71 77 
12 25 29 33 38 44 48 71 86 
6 14 41 44 
12 25 33 34 57 74 77 86 99 
6 14 28 74 86 
6 25 36 65 
6 17 22 36 65 
8 12 29 33 86 
27 35 36 
6 14 28 38 41 74 86 
25 35 38 44 48 71 77 
25 35 38 44 48 77 
6 14 41 44 
6 14 41 44 
6 17 22 36 65 
6 14 17 36 44 65 66 74 86 
6 12 14 25 41 44 
6 14 41 44 
44 65 66 
6 12 17 25 36 
44 65 66 
12 25 
6 14 28 74 86 
12 25 
8 12 29 33 86 
6 12 17 25 33 34 36 57 65 74 77 86 99 
8 12 29 
12 25 33 34 74 99 
6 17 22 36 65 
6 17 22 36 
25 44 47 57 99 
6 12 14 25 41 44 
12 25 34 36 86 
34 89 
6 12 14 25 41 44 
25 44 47 65 66 99 
6 14 28 74 86 
6 14 41 44 
6 14 28 86 
6 65 74 77 
14 44 65 66 
8 12 29 33 86 
44 65 66 
44 65 66 
1 10 38 42 57 60 65 97 
27 33 35 36 44 66 86 
6 12 14 25 41 44 
6 14 28 74 86 
1 10 38 42 57 60 65 97 
25 35 38 48 71 77 
6 14 28 74 86 
25 35 38 44 48 71 77 
6 65 74 77 86 
12 25 44 65 66 
44 65 
6 14 41 44 
6 12 14 25 
6 14 41 44 
14 44 65 66 
8 12 29 33 86 
44 
6 14 41 44 
27 33 35 36 86 
12 25 33 34 44 57 65 66 74 77 99 
12 14 25 44 65 66 
12 34 36 86 
12 25 38 65 
6 41 
6 17 22 25 36 65 
6 27 33 35 36 65 86 
6 14 41 44 
6 65 
12 25 44 65 66 
6 8 12 14 29 33 44 86 
8 12 29 33 86 
25 35 38 44 48 71 77 
1 10 38 42 57 60 65 97 
6 17 22 65 
27 38 65 86 
6 14 17 22 36 65 66 
8 29 33 86 
12 29 33 38 65 86 
6 14 28 74 86 
1 10 38 42 57 60 65 97 
12 25 33 34 57 74 77 86 99 
25 44 47 57 65 71 99 
12 25 
1 10 38 42 44 57 60 65 66 97 
12 25 34 89 
25 35 38 44 48 71 77 
6 17 22 27 35 36 65 
1 10 38 42 57 60 65 97 
1 10 34 38 42 57 65 86 89 97 
6 12 14 25 41 44 65 66 
6 12 17 22 25 36 
6 41 
12 25 
6 12 14 25 33 34 44 57 74 77 99 
34 89 
6 14 41 44 
12 25 33 34 57 74 77 86 99 
6 12 17 22 25 33 34 36 57 65 74 77 86 99 
34 36 77 
6 14 17 22 36 41 44 65 
6 8 17 22 29 36 
6 17 22 36 44 65 
12 25 38 65 
44 65 66 
27 33 34 89 
6 17 22 65 
27 33 35 36 86 
12 25 
6 17 22 36 
25 35 38 44 48 71 77 
6 12 14 17 22 25 34 36 41 44 65 
47 71 99 
12 25 
14 41 44 65 66 
6 17 22 36 65 
25 35 38 44 71 77 
44 65 66 
6 17 36 65 
6 17 22 36 65 
25 35 38 44 48 71 77 
12 25 33 34 57 74 77 86 99 
34 38 65 
38 44 48 65 66 71 
6 12 25 74 
6 17 22 36 
6 17 22 38 65 
6 14 41 44 65 
6 44 65 66 74 77 86 
12 25 33 34 57 74 77 86 99 
6 17 22 36 
34 89 
44 65 66 
6 17 22 36 65 
6 14 41 44 
25 34 57 
27 33 35 36 86 
25 44 47 57 65 71 99 
34 36 86 
6 14 41 44 77 
44 65 
6 17 65 
44 65 66 
17 22 36 65 
25 35 38 44 48 71 77 
12 25 35 38 44 71 77 
1 10 38 42 57 60 65 97 
12 14 25 28 86 
1 10 38 57 60 65 97 
12 25 44 65 66 
6 14 41 44 
12 25 33 34 44 57 65 74 77 86 99 
25 35 38 44 48 71 77 
25 35 38 44 48 71 77 
6 17 22 65 
12 25 
12 25 33 34 57 74 77 99 
6 14 41 44 
6 17 36 65 
6 17 22 36 
8 12 29 33 86 
6 14 17 22 36 41 44 65 
25 
25 35 38 44 48 71 77 
6 12 14 34 41 44 89 
6 14 41 44 
8 12 25 86 
17 22 65 
25 35 38 44 71 77 
25 35 38 44 48 71 77 
41 44 
14 34 44 66 89 
25 35 38 44 48 77 
25 33 34 57 74 77 86 
1 10 38 42 57 60 65 97 
6 14 41 44 
6 28 74 86 
25 35 38 44 48 71 77 
6 14 41 44 65 86 
25 35 38 44 48 71 77 
14 41 44 
12 25 
12 25 33 34 57 74 77 86 99 
1 10 38 42 57 60 65 97 
25 77 99 
44 47 71 
12 25 35 48 71 77 
12 25 
1 10 38 42 57 60 65 97 
25 44 47 57 65 71 99 
17 
34 89 
25 35 38 44 48 71 77 
6 17 22 36 
25 35 38 44 48 71 77 
6 41 44 
1 10 38 42 57 60 65 97 
8 12 29 86 89 
12 34 36 86 
44 57 71 99 
25 35 38 44 48 71 77 
27 35 
12 14 25 44 65 66 
6 41 44 
6 14 41 44 
25 35 38 44 71 77 
12 14 25 
12 25 33 34 57 74 77 86 99 
44 65 66 
12 25 34 36 86 
6 12 25 
44 65 66 
38 65 71 
44 65 66 
6 14 17 22 28 36 65 74 86 
44 47 57 65 71 
25 35 38 44 48 71 
12 
6 14 41 44 
25 44 47 57 65 71 
25 44 65 66 
6 14 28 74 86 
1 10 38 42 57 60 65 97 
34 36 
12 25 33 34 57 74 86 99 
25 35 38 44 48 71 77 
6 12 14 34 36 41 44 86 
27 33 35 36 86 
14 44 65 
6 22 36 65 
12 86 
6 14 41 44 
44 65 66 
25 35 38 44 71 77 
25 35 38 44 48 77 
6 12 25 65 74 77 86 
6 14 41 44 66 
6 17 22 36 65 
25 44 47 65 71 
14 44 65 66 
6 17 22 36 65 
6 14 41 44 
8 12 29 33 38 65 86 
29 
6 14 41 44 
6 17 36 65 
34 
25 34 57 77 99 
6 14 28 74 
25 57 
44 65 66 
12 25 33 34 57 74 77 99 
6 17 22 36 65 
12 17 25 
25 38 44 48 65 77 86 
25 33 74 77 86 99 
6 14 41 44 
6 14 41 44 
14 44 65 66 
44 65 
12 29 33 86 
25 44 47 57 65 99 
38 65 
6 17 22 36 65 
25 44 71 99 
1 10 38 42 57 60 65 97 
6 14 28 74 86 
27 33 35 36 86 
12 25 
6 14 41 44 65 
14 29 33 34 65 89 
1 10 38 42 57 60 65 97 
25 35 38 44 48 71 77 
25 38 44 48 71 77 
12 29 33 86 
6 17 22 36 65 
14 28 74 86 
6 22 36 
14 34 44 89 
44 65 66 
6 14 41 44 
25 35 38 44 48 71 77 86 
6 14 28 38 41 74 86 
36 
25 44 47 57 65 71 99 
14 44 65 66 
6 14 38 41 44 65 
8 33 86 
12 25 34 89 
6 14 17 41 44 65 
6 14 28 38 74 86 
25 44 57 65 99 
6 12 17 22 25 36 65 
6 14 28 74 86 
25 35 38 44 48 71 77 
6 14 28 34 74 86 89 
34 89 
25 38 44 47 57 65 71 
6 12 14 28 29 33 38 41 44 99 
44 
6 14 74 
25 44 47 57 65 99 
6 17 22 25 36 44 57 65 99 
12 34 36 86 
6 14 41 
1 10 38 42 57 60 65 97 
6 17 22 65 
38 65 66 
44 66 
6 17 22 65 
38 65 
6 14 41 44 65 66 
44 65 66 
1 10 12 38 42 44 57 60 65 71 86 97 
6 17 22 36 65 
25 35 38 48 71 77 
6 17 22 65 
6 17 22 36 65 
44 65 
14 44 65 66 
12 25 35 38 44 48 77 
25 35 38 44 48 71 77 
44 65 66 
6 17 22 36 65 
6 17 22 36 
6 17 22 36 65 
35 36 86 
12 25 33 34 57 74 77 86 99 
8 12 29 33 44 47 65 86 
6 17 22 36 65 
6 14 28 38 41 86 
6 14 28 38 41 74 86 
12 36 86 
6 17 22 36 65 
12 25 33 34 57 74 77 86 99 
12 25 33 44 47 57 65 71 99 
14 44 65 66 
25 34 57 74 86 99 
12 34 36 86 
34 
25 35 38 44 48 71 77 
14 44 65 66 
6 65 77 86 
6 14 41 44 
25 35 38 48 71 77 
12 25 
25 44 47 57 65 71 99 
6 17 22 25 65 
6 17 22 
6 14 25 35 41 44 48 71 74 77 86 
66 
25 35 38 44 48 71 77 
34 89 
34 44 65 66 89 
6 14 41 44 
8 12 25 29 33 34 86 89 
25 33 34 57 74 77 86 99 
12 25 38 65 
12 25 33 34 35 36 86 
12 33 34 74 77 86 99 
6 28 38 41 74 86 
6 34 41 44 
6 22 36 65 
6 25 41 44 
34 38 65 
34 38 44 65 66 89 
12 
14 65 66 
1 10 38 42 57 60 65 97 
33 35 48 71 
25 33 34 57 74 77 86 99 
6 14 25 35 38 41 44 48 71 77 
1 10 42 57 60 65 97 
6 41 44 
89 
6 14 28 74 86 
12 25 33 34 57 74 77 86 99 
12 25 33 34 35 38 44 48 71 74 77 86 99 
6 17 22 65 
12 25 34 57 74 86 99 
6 17 22 36 65 
12 25 
6 14 28 38 41 74 86 
33 34 57 77 
6 14 41 44 
1 10 38 42 57 60 65 97 
25 35 38 44 48 71 77 89 
25 27 35 36 38 44 48 71 77 86 
25 35 44 48 71 77 
6 14 22 34 65 89 
12 25 33 34 57 74 77 86 99 
6 14 28 38 86 
12 33 57 74 86 99 
22 44 65 66 
27 33 35 36 86 
1 10 38 42 57 60 65 97 
33 35 36 
12 25 34 
12 25 35 86 
12 14 25 44 57 65 66 
65 74 77 86 
25 71 77 
12 25 65 74 77 
65 66 
25 35 38 44 48 71 77 
6 41 44 
25 38 71 77 
6 12 14 34 36 44 86 
6 14 28 44 65 66 74 86 
12 34 36 86 
6 17 22 36 65 
6 44 65 66 77 86 
6 14 17 22 36 41 44 65 
6 14 28 41 44 74 
17 22 27 35 36 65 
44 65 66 
34 65 89 
12 33 34 57 77 86 99 
6 14 34 41 44 89 
25 44 47 57 71 99 
34 44 65 66 89 
25 35 38 44 48 71 77 
6 14 41 44 
6 65 74 77 86 
12 34 86 
38 44 48 71 77 
6 14 41 44 
27 33 35 36 86 
25 35 38 44 48 71 77 
12 25 33 34 57 74 77 86 99 
14 41 44 
12 25 
22 25 35 38 44 65 71 77 
6 14 41 44 
6 22 36 65 
34 36 86 
6 14 41 44 
33 34 77 99 
6 14 
6 44 
6 17 22 36 65 
6 17 36 65 
6 14 41 44 
25 44 65 71 99 
65 66 
12 25 
6 41 44 
6 14 74 86 
6 8 12 14 29 33 86 
1 10 38 42 57 60 65 97 
44 65 66 
14 44 65 66 
25 38 44 48 71 77 
6 12 14 25 38 41 44 48 71 77 
6 14 44 
25 35 38 44 48 71 77 
6 14 41 44 
25 35 38 44 48 71 77 
12 25 33 74 77 86 99 
6 17 22 36 65 
6 14 41 44 
6 17 22 36 65 
44 65 66 
14 41 74 
12 25 44 65 66 
17 22 27 33 35 36 65 86 
6 14 28 74 86 
14 44 65 66 
14 44 65 66 
12 25 34 38 57 65 74 77 86 99 
12 25 29 33 
8 12 33 86 
6 14 28 38 41 74 86 
44 65 66 
14 44 65 66 
6 17 22 36 
38 65 
6 17 22 36 65 
25 57 65 71 99 
6 14 41 44 
12 25 
6 12 14 25 33 41 44 57 74 77 86 99 
6 14 28 38 41 44 65 66 74 86 
6 12 14 25 28 38 41 44 66 74 86 
6 14 41 44 
6 17 22 36 
6 17 22 65 
6 12 14 25 41 44 65 
44 47 71 99 
6 14 41 44 
6 12 14 25 41 44 
6 34 65 86 89 
25 35 38 44 48 77 
14 44 65 66 
12 25 35 38 44 48 71 77 
14 44 65 66 
27 36 86 
44 65 66 
6 22 36 65 
38 65 
34 89 
6 41 44 
14 33 36 44 65 66 86 
6 17 22 36 65 
6 65 74 77 86 
25 35 38 44 48 71 77 
6 17 22 36 65 
25 44 47 57 65 71 99 
8 29 86 
14 28 74 86 
25 35 38 44 48 71 77 
12 14 25 27 33 35 36 38 66 86 
34 89 
12 25 34 74 77 99 
12 25 33 57 74 77 86 99 
6 14 41 44 
12 25 33 34 57 74 86 99 
25 35 44 48 71 77 
44 65 66 
12 25 34 44 47 57 65 71 74 77 86 99 
6 14 41 44 
6 17 22 36 65 
25 38 44 48 71 77 
34 89 
6 14 17 22 36 41 44 65 
6 25 35 38 41 44 48 71 77 
12 25 
6 38 41 86 
25 77 86 99 
44 65 
8 12 29 33 86 
12 33 34 57 74 86 99 
12 25 44 65 71 
8 12 29 86 
25 35 38 44 48 71 77 
25 33 34 57 77 86 99 
33 35 36 86 
6 12 17 22 25 44 65 66 
6 14 74 86 
38 42 60 65 
6 14 41 44 
6 14 28 74 86 
25 27 33 35 44 48 71 77 
12 25 33 34 57 74 77 86 99 
12 25 34 44 65 66 89 
8 12 29 33 
6 14 28 74 86 
12 25 33 34 57 74 77 86 
12 25 
14 41 44 
12 25 33 34 57 74 77 86 99 
1 10 38 42 57 60 65 97 
12 25 
14 44 65 66 
12 25 33 34 57 74 77 86 99 
12 25 
12 25 33 57 74 77 86 99 
6 14 41 44 
25 35 38 44 48 71 77 
6 14 17 22 36 41 44 65 
8 29 33 
6 14 28 74 86 
38 65 
6 65 74 77 86 
6 17 22 36 65 
17 22 36 65 
1 10 38 42 57 60 65 89 97 
44 65 66 
44 65 66 
25 35 38 44 48 71 77 
14 38 44 48 65 71 77 
6 14 41 44 
34 89 
33 34 57 74 77 86 99 
6 14 65 74 77 86 
12 25 65 
44 65 
6 14 25 41 44 65 66 
12 34 36 
12 25 34 57 74 86 99 
25 35 38 48 71 77 
6 14 41 44 
6 14 41 44 65 
38 44 65 66 
12 44 65 66 
12 36 
44 47 57 65 
6 14 41 44 
47 57 65 71 99 
25 35 38 44 48 77 
6 17 25 36 47 65 71 
25 35 38 44 48 71 
6 17 25 36 65 71 77 
12 25 33 34 57 74 77 86 99 
25 35 38 44 48 71 77 
44 65 66 
17 22 65 
8 12 29 33 86 
6 14 44 
44 65 66 
8 12 29 33 86 
6 14 41 44 
14 44 65 66 
25 35 38 44 48 71 77 
6 17 22 36 38 65 
6 22 36 65 
6 17 22 65 
6 17 22 36 
25 35 38 44 48 71 77 
6 17 22 36 65 
6 14 28 41 44 74 
12 25 
12 34 36 86 
6 
6 17 22 34 36 65 89 
8 12 29 86 
8 14 65 
44 65 66 
1 10 38 42 57 60 65 97 
12 14 25 28 38 41 74 86 
6 17 22 36 65 
12 25 35 38 44 48 57 65 71 77 
14 34 44 65 66 
6 14 28 38 41 74 86 
6 14 17 22 34 36 41 44 
6 14 41 44 
25 35 38 44 48 71 77 
6 17 22 34 36 65 89 
6 17 22 36 65 
14 44 65 66 
14 44 65 66 
12 25 33 34 57 74 77 86 99 
14 44 65 
6 14 41 
6 14 41 44 
1 10 38 42 57 60 65 97 
89 
6 77 
17 22 36 65 
34 57 71 89 99 
12 14 25 41 44 
6 17 22 36 44 65 66 
6 14 41 44 
1 10 38 42 57 60 65 97 
6 14 25 41 44 57 65 66 74 77 99 
25 35 44 48 71 77 
6 41 44 
25 35 38 44 48 71 77 
25 44 47 57 65 99 
6 14 41 44 65 66 
25 38 44 48 71 
6 14 28 74 86 
8 12 33 65 66 86 
8 12 33 34 89 
8 12 29 33 86 
12 25 27 33 34 35 36 57 74 77 86 99 
44 65 66 
1 10 38 42 57 60 65 97 
25 33 57 74 77 86 99 
6 17 22 36 44 65 66 
6 74 77 86 
27 33 34 35 36 65 66 86 89 
14 25 41 44 
6 14 28 74 86 
6 14 25 41 44 
25 35 38 44 48 71 77 
6 14 25 35 38 41 44 48 71 77 
6 65 74 77 86 
33 35 36 86 
22 25 35 38 44 48 65 71 77 
8 12 29 86 
27 33 35 36 86 
34 89 
6 14 28 38 41 74 86 
14 44 65 66 
14 44 65 
6 14 27 33 35 36 41 44 86 
14 44 65 66 
17 22 65 
6 14 41 44 
6 17 22 
35 38 44 48 71 
6 22 36 65 
6 14 28 41 74 86 
44 65 
1 10 38 42 57 60 65 97 
6 14 41 44 
27 33 34 35 36 89 
12 33 34 57 74 77 86 99 
44 65 66 
1 10 38 42 57 60 65 97 
17 22 65 
38 44 65 66 
25 34 57 74 77 
12 25 33 34 57 74 77 86 99 
12 25 
25 33 34 57 74 77 
6 17 22 36 65 
44 65 66 
17 22 
6 12 14 25 44 
12 41 
6 17 22 36 65 
35 38 44 48 65 66 71 
6 8 12 14 33 36 86 
27 33 36 86 
8 12 14 29 33 44 65 66 86 
34 44 65 
34 38 89 
14 44 65 66 
25 48 77 
25 35 38 44 48 71 77 
12 25 89 
12 25 
6 17 22 65 
6 14 38 41 44 65 
25 38 44 47 57 65 71 99 
6 17 22 36 65 
6 28 74 86 
12 25 44 65 66 
25 35 38 44 48 71 77 
25 35 38 48 71 77 
6 14 28 74 86 
12 25 34 89 
6 14 28 74 86 
14 44 66 
12 25 44 65 66 
1 10 38 42 60 65 97 
12 44 65 66 
12 25 34 36 44 48 71 86 
25 44 47 65 99 
6 14 41 
25 38 44 71 77 
33 35 36 86 
25 34 35 38 44 48 71 77 86 89 
6 14 41 44 
25 27 33 35 38 48 
6 17 22 36 65 
12 25 
6 25 35 36 38 44 48 71 77 
6 14 17 22 25 35 36 38 41 44 48 65 71 77 
6 12 14 34 41 44 57 77 99 
34 36 86 
6 14 41 44 
12 14 25 44 65 66 77 
8 12 29 33 65 66 86 
36 44 65 
25 35 38 44 48 71 77 
65 
6 12 14 25 41 44 
25 44 47 57 65 71 99 
6 8 12 29 33 65 74 86 
6 14 41 44 
25 44 65 66 77 
34 89 
6 14 28 74 86 
14 44 65 66 
27 33 35 36 86 
1 10 38 57 60 65 97 
12 25 34 57 77 86 99 
6 8 29 41 44 86 
44 65 66 
44 57 65 99 
25 35 38 44 48 71 77 
33 35 36 86 
14 34 44 65 66 89 
44 
6 65 66 74 77 86 
6 8 12 22 25 33 36 65 86 
6 14 41 44 
44 65 66 
6 14 41 44 
66 
6 14 41 44 
12 25 33 36 86 
25 35 38 44 48 71 77 
12 25 35 38 44 48 71 77 
25 35 38 44 48 71 77 
25 35 38 44 48 71 77 
25 35 38 44 48 71 77 
89 
6 14 44 
14 44 65 66 86 
6 28 74 86 
6 14 41 44 
38 65 
17 22 36 65 
12 25 
6 14 28 38 41 44 65 74 86 
25 35 44 48 77 
25 44 47 57 65 71 99 
6 17 22 65 
1 10 38 42 57 60 65 97 
12 25 29 33 
6 17 22 36 65 
12 25 38 65 
27 33 35 36 86 
1 10 38 42 57 60 65 97 
6 14 44 
12 25 44 65 66 
6 41 44 65 
25 35 38 44 48 71 77 
1 10 38 42 57 60 65 97 
6 17 22 34 36 65 89 
38 65 
6 14 28 34 41 44 86 89 
6 17 22 36 65 
6 14 44 
65 
6 17 22 36 65 
27 33 35 36 86 
6 14 38 41 44 
41 44 
25 35 38 44 48 71 77 
6 14 41 44 65 66 
25 35 38 44 48 71 77 
6 14 22 33 36 44 65 66 74 86 
6 17 22 36 65 
8 12 29 33 41 86 
6 14 41 44 
25 35 38 44 48 77 
25 57 65 71 77 99 
34 77 89 
25 
8 29 33 86 
6 14 41 44 
6 12 14 29 41 44 
6 22 36 65 
44 65 66 
38 65 
6 12 14 27 29 41 44 86 
44 65 66 
25 35 38 48 71 77 
27 33 35 36 65 66 86 
6 14 28 44 65 66 
12 25 27 33 34 36 57 77 86 99 
6 14 17 22 36 44 65 
66 
25 35 38 48 71 77 
6 17 22 36 
12 25 33 34 57 74 77 86 99 
25 35 38 44 48 71 77 
8 12 25 29 33 86 
12 25 74 86 
14 25 35 38 44 48 65 71 77 
44 65 66 
6 17 22 65 
6 17 36 65 
1 10 38 42 57 60 65 97 
6 14 41 44 
6 17 22 65 
65 77 
12 57 74 86 
6 22 36 65 
14 28 38 41 74 86 
12 
14 44 65 66 
6 12 14 25 41 44 
1 10 38 42 57 60 65 97 
34 44 65 89 
12 17 25 33 34 57 65 74 77 86 99 
17 22 36 65 
44 65 66 
6 17 22 36 65 
6 41 44 65 66 
6 17 22 36 65 
6 17 22 
6 14 28 38 41 74 86 
12 29 33 86 
12 33 57 77 86 99 
6 17 22 36 65 
6 41 44 
12 
25 35 38 44 48 71 77 
12 25 34 89 
25 44 47 57 65 71 99 
44 65 66 
27 33 36 
25 35 38 44 48 71 77 
25 35 38 44 48 71 77 
12 25 34 89 
12 25 33 34 57 74 77 86 99 
6 17 22 65 
6 17 65 89 
17 22 36 65 
6 14 28 38 41 74 86 
6 14 44 
6 12 14 25 33 34 41 44 57 74 77 86 99 
27 33 35 36 86 
12 36 
25 35 38 44 48 71 77 
34 38 65 89 
6 14 74 86 
6 17 22 36 65 
6 14 41 44 
6 22 36 65 
6 17 22 65 
6 34 65 89 
12 25 33 34 57 74 77 86 99 
25 35 44 48 71 77 
6 12 34 36 65 74 77 86 
25 33 34 57 74 77 86 99 
6 17 22 38 65 
6 25 35 38 44 48 65 71 77 
25 38 44 48 71 
35 38 44 48 71 77 
1 38 42 57 60 97 
12 25 33 34 57 74 77 86 99 
25 35 38 44 48 71 77 
12 25 
6 14 41 44 
25 35 38 44 48 71 77 
6 28 74 86 
41 44 
25 44 47 65 71 99 
25 35 38 44 48 71 77 
6 14 41 44 
6 17 22 36 65 
33 35 86 
6 12 14 25 41 44 
6 17 44 65 
6 14 41 44 
8 12 29 33 86 
44 65 66 
14 25 34 35 36 41 86 89 
6 14 28 74 86 
22 34 89 
6 12 22 25 36 65 
6 14 41 44 
12 25 34 57 74 77 86 99 
34 89 
12 14 25 44 66 
8 12 29 33 44 66 86 
6 14 28 74 86 
8 12 25 29 33 86 
44 65 66 
25 35 38 44 48 71 77 
6 17 22 65 
6 14 17 22 36 41 44 65 
17 22 38 48 71 77 
14 44 65 66 
14 25 41 44 47 57 65 71 99 
6 14 41 44 
6 14 17 36 41 44 65 
14 44 65 66 
12 25 33 34 57 74 77 99 
12 25 33 34 57 74 77 
12 34 36 86 
27 33 35 36 
8 12 29 33 
12 86 
6 14 41 44 65 74 77 86 
14 28 35 38 65 74 86 
8 12 29 33 44 65 86 
8 12 33 86 
25 33 34 57 74 77 86 99 
44 47 65 71 
6 38 44 65 66 
17 22 36 65 
12 25 36 86 
6 36 
6 14 28 74 86 
27 33 34 35 36 89 
6 14 41 44 
6 14 25 35 38 44 48 71 77 
25 34 35 38 44 48 71 89 
25 35 38 44 48 71 77 
6 14 41 44 
6 17 22 36 65 
6 14 34 41 44 89 
27 38 65 86 
6 17 22 36 65 
27 33 35 36 86 
25 35 38 44 48 77 
34 89 
6 38 65 
38 65 
44 65 66 
12 25 33 74 77 99 
27 33 35 36 86 
35 
6 12 14 17 22 25 36 44 65 66 
6 44 66 
44 65 66 
44 65 66 
8 12 33 86 
6 14 28 38 41 74 86 
6 14 41 44 65 66 
34 89 
6 41 44 
12 25 33 74 86 
8 12 29 33 86 
12 25 33 34 57 65 66 74 77 86 99 
8 12 29 33 86 
12 
6 17 
14 44 65 66 
25 35 38 44 48 71 77 
6 14 28 74 86 
65 74 77 86 
38 65 
38 48 71 77 
25 44 47 57 65 71 99 
65 74 77 86 
25 35 38 44 48 71 77 
35 38 44 71 77 
22 
14 44 65 66 
6 14 41 44 
10 42 57 60 65 97 
6 28 41 74 86 
6 14 41 44 
6 41 44 86 
8 12 29 33 86 
25 44 47 57 65 71 99 
86 
25 44 57 65 71 99 
12 25 27 35 36 86 
14 44 65 66 
25 27 35 38 44 48 71 77 
12 17 36 65 
6 14 28 34 74 89 
6 8 12 17 29 33 65 86 
6 12 17 25 65 
6 17 22 36 65 
12 33 34 35 36 86 89 
6 17 36 65 
6 17 22 36 65 
6 14 25 35 38 41 44 48 71 77 
6 12 22 25 33 34 36 57 65 74 77 86 99 
6 14 28 38 41 74 86 
25 35 38 44 48 71 77 
12 25 34 36 44 47 57 65 71 86 99 
14 25 44 65 66 
12 25 44 65 66 
6 12 25 65 77 86 
6 14 41 44 
6 12 14 25 33 34 35 38 41 44 48 57 71 74 
1 10 38 42 57 60 65 97 
35 38 44 48 77 
6 17 22 36 65 
25 35 44 48 71 77 
6 14 41 44 
25 35 38 44 48 71 77 
6 14 41 44 
6 14 44 
6 12 14 25 41 44 
25 35 38 44 48 71 77 86 
6 14 41 44 
6 17 22 36 65 
22 36 65 
44 65 66 
6 14 41 44 
8 12 29 33 86 
17 22 38 65 
12 25 
6 14 41 44 65 66 
6 17 22 36 65 
44 65 66 
25 35 38 44 48 77 
14 25 41 44 47 65 71 99 
34 89 
33 35 86 
12 25 33 34 57 74 77 86 99 
12 25 34 35 86 89 
12 25 38 41 65 
25 35 38 48 77 
44 65 66 
6 14 41 44 
6 14 28 38 41 74 86 
25 35 38 44 48 71 77 
25 71 
6 14 41 44 
12 14 44 65 66 
17 22 65 
6 12 25 33 34 41 44 57 74 77 86 
12 14 34 44 65 66 89 
6 28 38 41 74 86 
25 35 38 44 48 71 77 
6 14 44 
6 14 41 44 
14 41 44 65 
35 38 44 77 
44 65 66 
14 44 65 66 
44 65 66 
12 34 36 86 89 
12 34 36 86 
6 14 41 44 
8 12 14 33 44 65 66 86 
12 25 
12 41 
6 14 17 22 36 44 65 
25 44 57 65 71 99 
6 17 22 36 65 
25 44 47 57 65 71 99 
6 17 22 36 65 
6 22 36 65 
14 25 41 44 47 57 65 71 99 
6 36 65 
6 28 74 86 
44 65 66 
6 17 22 65 
6 14 41 44 
8 12 29 33 44 66 86 
44 65 
6 14 41 44 
44 
6 14 41 44 
6 14 41 44 65 66 
6 17 22 36 65 
6 17 22 36 65 
6 14 41 44 
6 14 41 44 
6 17 22 38 65 
44 65 66 
25 44 47 57 65 71 99 
8 29 38 65 86 
27 33 86 
35 44 48 77 
6 14 17 22 36 44 65 66 
12 34 36 44 65 66 86 
6 17 22 36 65 
25 38 71 
25 44 47 57 65 71 99 
12 34 36 86 
6 14 41 44 
6 34 65 74 77 86 
14 44 65 
14 44 65 66 
12 25 38 65 
6 28 74 86 
12 25 
8 12 86 
14 44 65 66 
6 77 
6 14 41 44 
6 17 22 36 65 
12 36 86 
12 25 38 44 47 65 71 99 
12 25 33 34 57 74 77 86 99 
8 12 29 33 86 
25 38 44 48 71 77 
6 8 12 14 28 29 38 41 74 86 
14 44 65 66 
6 12 36 41 44 65 66 86 
44 66 
8 12 33 44 86 
6 14 41 44 
6 28 38 41 74 86 
8 29 33 36 86 
25 35 38 44 48 71 
6 14 41 44 
38 
25 
12 14 34 36 41 44 
27 33 36 86 
12 25 33 34 57 74 86 89 99 
14 25 44 47 57 65 66 71 99 
6 14 
25 35 38 44 48 71 77 
6 17 22 36 65 
25 44 47 65 71 99 
1 10 38 42 57 60 65 97 
1 10 12 25 38 57 60 65 97 
12 25 
12 25 33 34 57 74 77 86 99 
12 25 33 34 57 74 77 86 99 
6 17 22 36 65 
34 44 65 66 89 
12 14 36 44 
6 14 41 44 
25 35 38 44 48 71 77 
25 44 47 57 65 71 99 
6 17 22 36 65 
25 35 38 44 48 71 77 
44 65 66 
1 10 38 42 57 60 65 97 
1 10 38 42 57 60 65 97 
44 65 66 
8 12 25 29 33 86 
25 35 38 44 48 71 77 
8 12 29 33 86 
6 14 28 41 74 86 
44 65 66 
6 14 41 
6 12 14 25 41 44 65 66 
6 12 14 34 36 41 44 86 
6 17 22 65 
6 14 28 74 86 
44 65 66 
44 65 66 
25 35 38 44 48 71 77 
12 25 
6 14 28 38 41 44 74 86 
6 14 41 44 
8 12 29 33 86 
25 35 38 44 71 77 
12 
6 17 65 
1 10 12 25 38 42 57 60 65 97 
38 65 
34 89 
44 65 66 
6 14 28 74 86 
12 34 36 86 89 
25 44 47 57 71 
41 44 65 66 
27 33 35 36 86 
14 25 41 
6 65 74 77 86 
14 44 65 66 
25 35 38 44 48 71 77 
14 38 44 65 66 
12 65 
25 35 38 44 48 71 77 
8 12 29 33 86 
8 12 29 33 86 
14 35 38 44 48 65 71 77 
25 71 77 
6 14 28 74 86 
25 35 38 44 48 71 77 
12 25 
6 25 44 47 65 71 77 86 99 
14 44 65 66 
25 35 38 44 48 77 
6 17 22 36 65 
6 8 12 14 29 33 41 86 
25 35 38 44 48 71 77 
6 22 36 65 
8 12 29 33 86 
14 27 33 35 36 44 65 66 86 
65 
25 35 38 44 48 71 77 
6 14 25 28 44 47 65 66 74 86 
14 65 66 
6 17 22 36 41 65 
8 12 29 
6 14 41 44 
34 89 
6 17 22 36 65 
6 14 28 74 86 
12 25 36 
6 17 22 36 65 
6 17 22 36 
6 14 17 41 44 
12 29 33 44 65 66 86 
12 25 34 35 36 44 71 77 86 
44 47 57 65 71 99 
1 10 38 42 57 60 65 97 
44 65 66 
25 35 38 44 48 65 66 71 77 
1 10 38 42 57 60 65 97 
6 12 17 29 33 86 
34 44 66 89 
6 14 41 44 
8 25 29 33 86 
34 66 
6 14 28 74 86 
1 10 38 42 57 60 65 
6 14 38 41 74 86 
6 36 65 
25 35 38 44 48 71 77 
6 12 14 25 41 44 
6 14 25 35 38 44 48 71 77 
6 17 22 36 65 89 
6 17 22 36 65 
35 38 48 71 77 
12 25 38 65 
12 25 34 89 
6 14 44 
12 25 33 57 77 99 
6 14 41 44 
34 89 
44 65 66 
25 44 47 57 65 71 99 
12 25 
12 44 65 66 
44 47 57 99 
44 65 66 
6 14 41 44 
33 34 35 36 86 89 
25 35 38 44 48 71 77 
6 14 34 41 44 
25 35 38 48 71 77 
25 35 38 44 48 71 77 
25 
6 17 22 36 65 
6 22 36 65 74 
1 10 38 42 57 60 65 97 
6 14 28 74 86 
12 34 36 86 
6 22 36 65 
14 44 65 66 
25 35 38 48 71 
12 25 57 77 86 99 
8 12 27 29 33 35 36 86 
27 33 35 36 86 
12 25 
12 25 44 65 66 
27 33 35 36 86 
6 14 28 38 86 
8 
12 25 33 34 57 74 77 86 99 
25 35 38 44 48 71 77 
25 44 47 57 65 71 99 
6 17 36 65 
14 44 65 66 
25 35 38 44 48 71 77 
14 44 65 66 
6 14 41 44 
25 71 77 
44 65 66 
25 35 38 44 48 71 77 
6 17 36 
12 25 35 38 44 48 71 77 
6 14 25 35 38 41 44 48 71 77 
6 14 41 44 
6 14 41 44 
12 34 86 
44 
44 65 66 
6 14 28 38 41 74 86 
44 65 66 
8 12 14 29 33 44 66 86 
12 25 
25 35 38 44 48 71 77 
17 36 65 
12 25 38 44 65 66 
12 34 86 
12 25 
6 14 41 44 
12 25 38 65 
12 25 
6 12 14 25 41 44 
38 
12 25 33 34 74 77 86 99 
6 14 41 44 65 66 
44 66 
25 35 38 44 48 71 77 
6 14 41 44 65 
25 35 44 48 71 77 
6 14 41 44 
33 57 74 77 86 99 
6 14 41 44 
12 25 34 89 
12 25 65 
12 34 89 
6 14 28 74 
6 44 65 74 77 
6 14 38 41 44 65 66 
25 35 38 44 48 71 77 
1 38 42 57 60 65 97 
25 35 38 44 48 71 77 
38 65 
8 12 29 33 86 
12 25 33 34 77 99 
25 71 99 
6 14 41 44 
6 14 28 38 41 74 86 
6 17 22 36 65 
65 66 99 
12 25 33 34 57 74 77 86 99 
12 34 36 86 
6 17 22 44 65 66 
6 14 41 44 65 66 
25 57 77 99 
6 14 41 44 
6 14 41 44 
44 65 66 
12 25 
12 25 65 66 
35 38 44 48 71 77 
57 71 
38 
6 17 22 36 65 
27 33 35 36 86 
6 14 17 22 65 
6 17 22 36 65 
6 17 22 36 65 
22 65 
25 65 71 
6 14 41 44 
25 44 47 57 65 71 99 
25 35 38 44 48 71 77 
6 14 41 44 
12 29 33 86 
6 38 44 65 
8 12 25 29 33 86 
6 12 14 25 41 44 
14 27 33 35 36 44 65 66 86 
25 35 44 48 71 77 
38 44 48 71 77 
12 34 36 57 77 86 
6 14 28 74 86 
14 44 65 66 
14 65 66 
6 14 41 44 
6 17 22 36 65 
25 35 38 44 48 71 77 
12 33 57 77 86 99 
8 12 29 33 86 
6 28 74 
6 17 22 25 35 38 44 48 65 71 77 
25 44 47 57 65 71 99 
6 17 22 36 65 
6 65 74 77 86 
6 14 41 44 89 
25 
35 38 44 48 71 77 
34 89 
44 65 66 
1 10 38 57 60 65 97 
14 41 44 
12 17 22 25 36 38 65 
14 34 44 65 66 89 
12 25 34 74 77 86 89 
12 25 44 65 
12 25 
25 35 38 44 48 71 77 
44 65 
25 44 47 57 65 71 99 
27 33 35 36 86 
6 14 41 44 
25 44 66 
